State,State Expenditure (in thousands),Utilities,Health and Social Services Expenditure,Education Related Expenditure,Public Administration Expenditure,Transportation Expenditure,State Total as % of US Total,Utilities (State as % of US),Utilities (% of Total Expenditure),Health and Social Services Expenditure (State as % of US),Health and Social Services Expenditure (% of Total Expenditure),Education Related Expenditure (State as % of US),Education Related Expenditure (% of Total Expenditure),Public Administration Expenditure (State as % of US),Public Administration Expenditure (% of Total Expenditure),Transportation Expenditure (State as % of US),Transportation Expenditure (% of Total Expenditure)
Alaska,16461035,650386,3463461,3222987,3222987,2119873,0.43107465687545693,0.2703267603072287,3.951063830433506,0.3400866307564002,21.040359855865685,0.30413280497995465,19.579491812027616,0.30413280497995465,19.579491812027616,0.9144992490950552,12.87812704365187
Alabama,48238993,3068894,14362206,14742285,14742285,3070165,1.2632624470753246,1.275556627520107,6.361853366217657,1.4102639668150894,29.773022003174898,1.3911357659413177,30.560930241640822,1.3911357659413177,30.560930241640822,1.3244489585451205,6.364488164170426
Arkansas,27659935,980609,8570120,8784757,8784757,2139965,0.7243467369653513,0.4075808121609493,3.545232481565846,0.8415233305580866,30.983876137091425,0.8289617015139346,31.759861330115204,0.8289617015139346,31.759861330115204,0.9231668055537761,7.736695693608825
Arizona,62755470,6384877,16809832,17554634,17554634,3372703,1.643413837423226,2.653813449813091,10.174215889069112,1.650603003314061,26.78624190050684,1.656519271972391,27.973073900968316,1.656519271972391,27.973073900968316,1.454961858998459,5.374357008241672
California,605649479,45603480,179493892,142038480,142038480,25214834,15.860493665600265,18.95465309390961,7.529682032468156,17.62499216004834,29.636596451195825,13.40326887371534,23.452258265708835,13.40326887371534,23.452258265708835,10.877513303417926,4.163271805604905
Colorado,64659578,4336042,13464559,19029373,19029373,4297083,1.693277816374356,1.8022346520621235,6.705954684702705,1.3221215728806432,20.823765660827544,1.7956810212079086,29.430091548076604,1.7956810212079086,29.430091548076604,1.8537333023247746,6.645702203624032
Connecticut,41642052,1457829,6412577,13686484,13686484,2203005,1.0905045325211893,0.6059327701579168,3.5008577387108586,0.6296683307235118,15.399281956614432,1.291506533918154,32.866977832888736,1.291506533918154,32.866977832888736,0.9503618463241205,5.2903372773272554
Delaware,12200640,553703,3332623,4006572,4006572,837401,0.3195052256228709,0.2301413901320038,4.538311104991213,0.3272392926183626,27.315149041361764,0.3780747426887377,32.83903139507436,0.3780747426887377,32.83903139507436,0.36124927563653497,6.863582566160464
Florida,187612475,11919691,45302027,45363601,45363601,14890598,4.9131165377013195,4.954306291791691,6.353357366028033,4.448328919790197,24.146596328415797,4.280674795188896,24.179416107590924,4.280674795188896,24.179416107590924,6.423705896332625,7.936891190204702
Georgia,89012045,6474160,20356320,29659996,29659996,5574860,2.3310099733192797,2.690923080310227,7.2733527243419696,1.9988422804238668,22.869174615637693,2.7988253688811757,33.321328590978894,2.7988253688811757,33.321328590978894,2.404957883708156,6.2630400189098
Hawaii,17777830,1184125,4113144,3696335,3696335,1566453,0.46555833015604453,0.49217030355634517,6.660683559242045,0.40388076689066316,23.13636703692183,0.3487996481821306,20.79182329901906,0.3487996481821306,20.79182329901906,0.6757575063424538,8.811272241887789
Iowa,36165573,1295146,10845002,11193214,11193214,3007518,0.9470888052713143,0.5383151271781157,3.5811571407979628,1.0649001651026018,29.98708744363044,1.0562324857534013,30.94991471585422,1.0562324857534013,30.94991471585422,1.2974234553861774,8.315969444200427
Idaho,14100211,248720,3783998,3916213,3916213,1083252,0.3692503915274188,0.10337810442354835,1.7639452345784044,0.3715610282919187,26.836463652919807,0.36954813798161856,27.774144656416844,0.36954813798161856,27.774144656416844,0.46730777767381193,7.682523332452259
Illinois,152883833,7943917,28600467,39860114,39860114,9707294,4.0036574767187885,3.3018136103168256,5.196047773082717,2.8083574378604554,18.707319432526262,3.7613456950464768,26.072157675429292,3.7613456950464768,26.072157675429292,4.1876626919371756,6.349457499538228
Indiana,61415845,2670634,20411307,18962125,18962125,2985033,1.608332301710752,1.1100236431693415,4.348444607413608,2.004241603114494,33.23459442754553,1.789335254728152,30.874972085786656,1.789335254728152,30.874972085786656,1.287723574489585,4.860362989388162
Kansas,30815281,1596307,8743482,10107647,10107647,1841227,0.8069776100710429,0.663489834906888,5.180244827233605,0.8585462156089623,28.373851272036106,0.9537944254374042,32.80076206347104,0.9537944254374042,32.80076206347104,0.7942932000707312,5.975045303010542
Kentucky,46165009,2080014,15397205,13092892,13092892,2499639,1.208949826929314,0.8645380528081476,4.505607266317223,1.511893326217792,33.352544131422135,1.2354930284421277,28.361073210231584,1.2354930284421277,28.361073210231584,1.0783278000657184,5.414574921885102
Louisiana,49824003,1341117,16046887,12400987,12400987,3211816,1.3047700218963594,0.5574225364674971,2.6917086529558856,1.575687364159342,32.20714120461176,1.170202349817096,24.88958384174792,1.170202349817096,24.88958384174792,1.385556266923294,6.446322669015575
Massachusetts,96084632,6845424,27431956,23699940,23699940,4177919,2.5162239051435433,2.845235433802927,7.124369274786837,2.693618173006082,28.549785151906498,2.2364127531561953,24.66569263646657,2.2364127531561953,24.66569263646657,1.8023267376300203,4.34816568793228
Maryland,72286591,3586453,15628366,21501031,21501031,4241315,1.8930108229538116,1.4906751075271318,4.961436070487817,1.5345916518672738,21.620006952603426,2.028915682250955,29.74414853786645,2.028915682250955,29.74414853786645,1.8296753544554765,5.8673606561416065
Maine,13390531,199490,3890099,3730470,3730470,1042674,0.350665590359608,0.08291612275431674,1.489784086979075,0.38197937329706955,29.05111828649663,0.352020751245218,27.859014702254896,0.352020751245218,27.859014702254896,0.4498026957515557,7.786651627183418
Michigan,103318659,3848616,27308003,32734591,32734591,5287488,2.7056655597450185,1.5996406671523757,3.724996082266224,2.6814468916946574,26.430853114344043,3.088955363674001,31.683135763502314,3.088955363674001,31.683135763502314,2.280987495759942,5.11765062688241
Minnesota,72572824,3548797,20724196,20306815,20306815,5670738,1.9005065722952976,1.47502374897063,4.889980580058452,2.0349650227836453,28.556413899505962,1.916225106138814,27.981293658904605,1.916225106138814,27.981293658904605,2.4463190213823167,7.813858807533795
Missouri,56626595,2896307,16382151,15671902,15671902,2968367,1.4829134382892974,1.203822481057631,5.114746878211554,1.6086078457740949,28.93013609594573,1.4788578156321948,27.67586855610866,1.4788578156321948,27.67586855610866,1.2805339718646078,5.242001571876253
Mississippi,30180740,856734,10798472,8205500,8205500,1895399,0.790360517412628,0.3560933455902391,2.8386779118073315,1.0603312581828774,35.779348021287745,0.7743008989062063,27.187868819651207,0.7743008989062063,27.187868819651207,0.8176626440525062,6.2801607912860975
Montana,11085571,241629,2858972,3116847,3116847,948614,0.2903042679329408,0.10043079765904456,2.1796712140493257,0.28073021607775783,25.790029219063232,0.29411704757213003,28.116251296392402,0.29411704757213003,28.116251296392402,0.4092258313026567,8.557195655505701
North Carolina,95908259,4856253,30345165,28396439,28396439,6457386,2.5116051232469556,2.018455410667296,5.063435673459572,2.9796740672399777,31.639782972183866,2.6795915231777783,29.607918333706795,2.6795915231777783,29.607918333706795,2.7856737871169277,6.732877926602756
North Dakota,10130128,339470,1808845,2928557,2928557,1501895,0.26528352875165256,0.1410974795298406,3.3510928983325776,0.17761539731804712,17.856092242862083,0.2763493166288542,28.90937804537119,0.2763493166288542,28.90937804537119,0.6479076103708185,14.826021941677341
Nebraska,23569697,4371481,4161890,7372437,7372437,1758835,0.617233305617386,1.81696453563669,18.547039446455337,0.4086672688616256,17.65780018300617,0.6956900367106668,31.279303251119433,0.6956900367106668,31.279303251119433,0.7587498339674601,7.462272425479208
New Hampshire,12978227,172103,2665955,4293397,4293397,815180,0.33986834672769917,0.07153297646190873,1.3260902278870603,0.26177735325969576,20.541750425539636,0.40514059551047593,33.08153725466506,0.40514059551047593,33.08153725466506,0.3516632826010366,6.281135319947786
New Jersey,109679277,3861698,23987479,37815144,37815144,4150931,2.872234747032808,1.6050780761346404,3.5209003064453097,2.3553956327066783,21.870566305793574,3.5683748694738457,34.47792968219511,3.5683748694738457,34.47792968219511,1.7906842921936297,3.7846082811067396
New Mexico,25220942,866008,8236788,6878645,6878645,1054456,0.660475414743107,0.3599479955597791,3.4336861803179275,0.8087925572641784,32.658526394454256,0.6490940231255478,27.27354513562578,0.6490940231255478,27.27354513562578,0.45488537294629233,4.180874766691902
Nevada,27699535,1527573,5904837,7208333,7208333,2505950,0.7253837650995039,0.6349212009834071,5.514796548028694,0.5798119628012933,21.317458939292663,0.6802045849144198,26.023299669109967,0.6802045849144198,26.023299669109967,1.0810503238966456,9.046902772916585
New York,367456796,32972280,101707512,89276123,89276123,18046256,9.622803927715044,13.704614847710172,8.973103874774981,9.98693650042433,27.678767438009228,8.424420485011401,24.295678831314905,8.424420485011401,24.295678831314905,7.785035971955459,4.9111232113393815
Ohio,131656588,4048679,37735712,36987632,36987632,6461620,3.4477673182453836,1.6827949519114962,3.0751814713594126,3.7053719251563284,28.66222843326306,3.4902878198783704,28.094022913612193,3.4902878198783704,28.094022913612193,2.787500306828565,4.907935180577519
Oklahoma,35177555,2872768,9276922,10610866,10610866,2719058,0.9212150056993692,1.1940387193978295,8.166480018295758,0.9109261362463518,26.37170775512966,1.0012800051152646,30.163739350276046,1.0012800051152646,30.163739350276046,1.1729837114043637,7.729525261207039
Oregon,56136292,2544435,16012000,14746267,14746267,2655210,1.4700735896716373,1.0575702280835126,4.5326025452482686,1.5722617149930316,28.523437208855906,1.391511521980492,26.268687287004994,1.391511521980492,26.268687287004994,1.1454401047561253,4.729934780872239
Pennsylvania,152630771,5061151,42252451,44334419,44334419,11887398,3.99703039556513,2.1036193172296,3.3159440700197997,4.148882779910008,27.682786847745138,4.18355742906397,29.046842068300894,4.18355742906397,29.046842068300894,5.1281451977047965,7.788336468535562
Rhode Island,13227466,345400,3559178,3600918,3600918,605442,0.34639531276628555,0.14356222767728208,2.611233323147457,0.3494853426333668,26.90748175047284,0.3397957521525244,27.223037277132295,0.3397957521525244,27.223037277132295,0.26118369089592086,4.577157862284432
South Carolina,51898285,3608213,16278585,15697581,15697581,2910283,1.3590904459409554,1.4997194447427011,6.952470587419218,1.5984384192955183,31.366325496112253,1.4812809797030024,30.24682029473614,1.4812809797030024,30.24682029473614,1.255476916850257,5.607666997088632
South Dakota,8157347,335856,1536294,2597599,2597599,991981,0.21362117017787993,0.13959535477354154,4.11722095431272,0.15085287529187513,18.833255468965586,0.2451189130093063,31.84367417494928,0.2451189130093063,31.84367417494928,0.42793406945442586,12.160583581892496
Tennessee,62774989,9895608,17175438,15154118,15154118,3074610,1.6439249927805624,4.113015427623433,15.763615665468297,1.6865028482161184,27.360320206507723,1.42999782944741,24.14037539695945,1.42999782944741,24.14037539695945,1.3263665022669509,4.897826425744176
Texas,280220497,17965475,66860860,92338397,92338397,24532420,7.338296443312648,7.467178958542325,6.411192326163065,6.565249213684049,23.860089006979386,8.713387825319378,32.95204954261429,8.713387825319378,32.95204954261429,10.583124398718468,8.75468435130211
Utah,32372210,2383302,7405532,10610257,10610257,2654223,0.8477498114820992,0.9905968278741218,7.362185034633101,0.7271692757154494,22.876201532116593,1.001222537654728,32.775819136228264,1.001222537654728,32.775819136228264,1.1450143194572624,8.19907877775413
Virginia,86678064,3374721,21007702,27643968,27643968,7052692,2.269888661158238,1.4026707138080632,3.8933968345209,2.062803245976926,24.236468871755143,2.608585615956908,31.892692019517188,2.608585615956908,31.892692019517188,3.0424848743762967,8.136651506198847
Vermont,8260042,274749,2229055,2986730,2986730,691416,0.2163105036182028,0.11419681092097733,3.326242166807384,0.21887695710178567,26.98600079757464,0.28183873301933265,36.15877497959453,0.28183873301933265,36.15877497959453,0.2982723082054004,8.370611190596852
Washington,96185374,9974291,24158866,27282471,27282471,5613794,2.5188620942417956,4.1457192688519555,10.369862469942676,2.372224587150065,25.116985041821433,2.5744734409460133,28.36446942546587,2.5744734409460133,28.36446942546587,2.4217537548590533,5.8364320546281805
Wisconsin,62705356,2410827,16655155,19523202,19523202,4963723,1.6421014730819403,1.0020373325551213,3.844690715096171,1.6354148490990987,26.56097670508401,1.8422805262479371,31.13482363452334,1.8422805262479371,31.13482363452334,2.1413174073238608,7.915947403280829
West Virginia,18192604,342201,5272296,5207637,5207637,1381793,0.47642025710844216,0.1422325937272542,1.8809896593143016,0.5177010461473208,28.980436225622235,0.4914116154137128,28.625022564114516,0.4914116154137128,28.625022564114516,0.5960963986544494,7.5953557830423835
Wyoming,10141890,298341,2738606,2782832,2782832,828638,0.26559154705755916,0.1240026015271222,2.9416706353549484,0.26891115202661797,27.002915630124168,0.2625981742861442,27.43898819648014,0.2625981742861442,27.43898819648014,0.3574689751563553,8.170449492155802
United States,3818604211,240592533,1018405514,1059730140,1059730140,231806970,100.0,100.0,6.300535999696985,100.0,26.669574999848027,100.0,27.75176691387145,100.0,27.75176691387145,100.0,6.070463373298784
