State,Year,Total Funding Received,"Agriculture, Forestry, Fishing and Hunting","Mining, Quarrying, and Oil and Gas Extraction",Utilities,Construction,Manufacturing,Wholesale Trade,Retail Trade,Transportation and Warehousing,Information,Finance and Insurance,Real Estate and Rental and Leasing,"Professional, Scientific, and Technical Services",Administrative and Support and Waste Management and Remediation Services,Educational Services,Health Care and Social Assistance,"Arts, Entertainment, and Recreation",Accommodation and Food Services,Other Services (except Public Administration),Public Administration (not covered in economic census)
Alabama,2016,11684439.0,0.3474883299658608,0.37277599363905783,0.9206660745451949,7.943458037548688,1.8638197662465255,0.394121247191105,0.16062413951353832,4.885674708633119,0.493729357981904,0.3661268351657452,0.12467533413718113,3.3779626467140673,0.6541521422609868,1.3945013352873858,1.5270345391838787,0.2116489376322806,1.8699211576511894,1.4085499168695357,0.7168665021949542
Alabama,2017,12104077.0,0.5687826386675945,0.6634585394109522,1.371499625201785,8.833259649886923,1.7874620622249704,0.2726540202236796,0.09421948301466265,2.8188144186870017,0.31053264465558755,0.4902578119968802,0.0890007001388411,3.437711060191309,0.682897974214773,1.3709397143158832,1.1461018764794622,0.17449860477987808,1.5662333886006408,1.3470479027711413,0.4524451169566876
Alabama,2018,15665904.0,0.42997670299179425,0.337180123028181,2.518673649641775,7.446312843277628,2.348701182509934,0.13798177345581644,0.1319725073331439,1.258019507207818,0.12961898542931616,0.14620279353080742,0.3485327282526045,4.082668526663817,0.5900292064631342,1.4315219761934541,1.243038033973773,0.10139274196955403,1.5883188699838389,1.3063274492048345,0.491612320847984
Alabama,2019,12503066.0,0.5462802438265179,0.8269421280039441,1.2258368897710255,5.512884964561639,1.5259869949330689,0.21390288904686214,0.28152222082586464,0.7107242601133074,0.5532612319340271,0.22967323956676447,0.2788953653006654,3.550843085438938,0.6974486364393846,1.8584299053949038,1.3770957920938953,0.1618078474514118,2.4704787654947156,2.9473078394646324,0.5207048936149226
Alabama,2020,12180702.0,0.23602566512398204,0.23773789293939132,1.2188479580267224,4.062597106780738,1.4241631070012744,0.06948475962770095,0.16670071717413665,0.38512821838033756,0.2794684915704175,0.09198205337658565,3.4187475011812594,3.1371765271206122,0.5867784430648615,2.2747096071691275,1.7427539658402622,0.18605148493677992,1.0174849153898289,2.712570165462569,0.7374411511343338
Alaska,2016,3928810.0,0.41432975684525886,0.574653297673506,8.131587610168754,3.0136947872084936,0.18355521824342508,0.5592383922389178,0.1003729118174848,1.2294671316078138,0.3533747613385192,0.01752706163335796,0.35107626961200383,0.49445068770038286,3.300648744886952,2.221607564273022,0.05371898598012607,0.7650513546448238,1.260235325654779,0.39187427937026437,2.1658239289558923
Alaska,2017,4382596.0,0.4531531472942829,4.2079935837454885,10.024314691663768,3.183541077645635,0.1704102326812441,0.37246923557584216,0.04436269826887075,1.1942534192939172,0.2988224632162168,0.015641882464061594,0.5771433637238731,0.571796363248102,3.7717607581586274,3.9690470413086056,0.17705579911536654,0.7179810434555336,1.2117198020950666,0.5655418232641253,1.4407463218512984
Alaska,2018,5078453.0,0.1501931664547464,20.319636393246036,7.260188432450711,4.4634582057103875,0.16358912576598586,0.028891363429539737,0.06646790515318925,1.3815643929088788,0.5369348183914001,0.00020392986782211006,0.4042426009244033,0.5362283227942792,2.783538794638003,3.201231282745741,0.17103028733030917,0.4604920364450578,0.8606720698974365,0.5646305796084283,2.1309056315150796
Alaska,2019,4917285.0,0.7223267827804222,12.970619834518555,4.893583377041729,3.58763857930915,0.1486470532005064,0.07245196954215541,0.05936356961908101,1.0357984515488452,0.360906978016465,1.587676203281933e-05,0.44613756050651576,0.5653609653115524,3.996463266527036,2.649183204796355,0.3104710590009188,0.3919141914191419,0.8728141511250769,0.8660942815904882,2.0375676928691915
Alaska,2020,5434282.0,0.8656645143591593,16.706151829754862,5.032427833165923,3.589765508114344,0.15029103390650794,0.20136074079167365,0.08515562256069209,0.9543808251189978,0.40362354000207457,0.0004002659813988951,1.1000514042712275,0.6436102573680075,3.0500725999776965,3.451113549099643,0.18501622577331817,0.36729129353898793,0.7353726467974547,0.9551295938944594,2.7853559874706932
Arizona,2016,12864054.0,1.8001463108757751,1.6444481159839324,2.85622007043347,1.4581273953177776,4.354210998896644,0.3051770125263636,0.30895070803780234,1.276068058381711,2.73879600921995,0.1269798164350388,1.7603902183138866,1.3391988093846185,0.32955910322940596,2.898405048134947,19.427838320930054,1.392668334203751,1.6493391119999412,1.8532380773590227,0.7105130030952329
Arizona,2017,14743800.0,1.897546287564952,0.5204295325936817,2.7303334455799693,1.4597230050401975,4.2831802120627405,0.22675620599072688,0.216155402286032,2.232830638917101,2.5706060089840377,0.023970862879508847,1.1575675375705112,1.3461890527689424,0.3683946419540819,4.212886203961984,24.47132956639978,0.7902403775934567,1.9098795329349585,1.848452633506866,0.6879216662185568
Arizona,2018,16125658.0,1.3689278134093728,0.585531234501188,2.257226995443225,1.2189570463370347,4.004173211311239,0.1744860052839641,0.614025370189305,2.4326775936249736,1.5437346918463828,0.00019895596860693666,1.6319359440271493,1.6709615526585504,0.28791133561701326,4.557886499644857,23.667267133498164,0.638398745734229,2.110795934531036,1.3526558282982817,0.783228425408168
Arizona,2019,16404068.0,3.6464721634140664,0.5813710123762261,2.1002496347072603,1.1723956262785789,3.3884753780226706,0.18857664935446353,0.609675435057247,1.0919715707960274,2.1364458418885293,0.8805331607211765,1.5126866508420074,1.9595206064857233,0.39565377417417275,4.207011575377628,32.12306362122358,0.815914924825816,3.273029232362099,1.284059697178314,0.6166339505015931
Arizona,2020,23575622.0,3.0717881763639046,1.6009062981936055,1.6235137664185484,1.4110584002485933,3.3545057933420575,0.2861060363543102,0.3717963169092472,1.219834368355232,1.571884735102759,16.928281598101957,1.96374700790795,1.299412301559233,0.5030890867922267,5.085296204795649,42.553533485600916,0.5496003635488786,2.945722271218705,1.2826434601312915,0.24113263836440826
Arkansas,2016,491985.0,1.5199348568243574,0.51631024049731,0.3845269963913716,0.35171354013348477,0.11000424952241189,0.13095916133959362,0.06506033366951275,0.07534630102483862,0.06042247178646034,0.0,0.025408632742347358,0.0387278573831702,0.16216650667627652,0.05615879879874276,0.22068697129143372,0.033900479187854465,0.16100282694811377,0.06683466895942498,0.1859297566729722
Arkansas,2017,574662.0,1.2031190047279325,0.14926703203671524,0.48976475094338934,0.4314634871210388,0.10281386354129704,0.1632320080806885,0.06724105837425881,0.18200852852546004,0.044253301490765354,0.0,0.019894274148682126,0.03331831030369551,0.23092151485519494,0.08265497282945035,0.18159247292296102,0.08993980951209575,0.12027615051701122,0.09860486617380003,0.24272967717328098
Arkansas,2018,610401.0,0.9626016577326927,0.23576700150269078,0.2218225233102953,0.3084299805926167,0.12972798480310083,0.16756521583068418,0.022798170366552836,0.0811220623262414,0.030935570458775413,0.0,0.04091734436919382,0.03829358156374606,0.11817127655209794,0.055066352810280494,0.20509869466572286,0.03755286739613112,0.15255845519593425,0.08703868115226483,0.3220209347390725
Arkansas,2019,698221.0,2.6190530180437395,0.061392778906929485,0.5890048397507628,0.3266915224749068,0.13154536164310726,0.07696178514968102,0.015957059800115088,0.04099119512632207,0.03314057120355929,7.938381016409666e-06,0.00921732553123153,0.037331396920016684,0.29551026671765956,0.21737525803463242,0.17372851228710798,0.023835716905023834,0.15721141837304772,0.08471574415974306,0.5522702388115647
Arkansas,2020,732996.0,1.3031705470857486,0.039278434485638565,0.1838149845086107,0.26847833628451834,0.12986376292852636,0.0077318114575291455,0.019373564594986827,0.04945949237717414,0.016836182128129817,1.8617022390646288e-05,0.04299266320856115,0.04302617093379294,0.29665080346660216,0.0512222639764996,0.13018946360035952,0.016573551819080972,0.10834454505702362,0.06936429044753872,0.3473132035532812
California,2016,60323115.0,19.29605308994635,20.511973234477132,9.030763401924188,12.565244480450492,15.27497954522591,3.1277913572110587,4.658306150434331,9.700146255312621,5.9234575863298105,21.364499425022494,6.595862491029569,12.323367217648267,6.984767162883047,11.216740546116332,17.014897251020862,4.392402627745252,5.5004123143461685,11.61109974543507,22.465852939272537
California,2017,59596506.0,23.190671600538476,22.456445216771375,10.742124822724403,11.687127566075011,14.229643835108776,1.9089480927465226,4.139671158424034,7.746499886808973,5.873937184182958,19.945868782781048,4.813925712686195,11.529310514464235,6.514194707430114,14.289263967489976,22.015366234200318,3.323929370344462,5.010918842235579,11.772637048260966,12.47963184123153
California,2018,63088466.0,17.74449362837188,26.211590705524422,9.681202084104811,10.3546886328254,12.372299198231868,2.011310446790918,8.079302311766586,8.55258909417846,6.521423183912117,22.002366481768597,7.827064098360798,11.323191919352924,4.159352396536963,9.67284851763365,11.14560755087439,6.49570723784578,6.00788028581185,9.755970659800251,6.139613574878313
California,2019,56546762.0,10.648548028340606,15.058439414164058,11.169878621712257,11.800951407922858,11.263575477046578,2.2739547089172083,9.579610019379974,8.724497068107688,7.305830238016088,19.9977264476769,8.668277006288687,9.87388091412488,3.945666182713645,8.216282990904409,10.323798462124243,3.7023285661899523,5.284172270918462,13.664494683167632,9.870212178304744
California,2020,57859429.0,12.26195495902826,18.91359984784775,9.884021738471395,14.020816741375072,8.925974495767464,2.087937242641651,13.777334338410382,8.674030544016324,7.280415375168168,15.994945106080491,7.633897741846711,10.330773267553882,2.496174684353554,7.738367313579284,6.944526656238809,21.442968269667727,7.508821046112593,11.731914300803185,3.161611957986748
Colorado,2016,10963096.0,3.310065839894099,0.6665565204820273,1.843381800339124,2.534425570123304,0.9615033192647618,0.30102102338957315,0.1351358778542044,9.469188156905808,4.218406156019771,0.013530292365170008,0.42502540863274235,3.036499062995973,3.3781044268668508,2.513665968490902,3.4793086154093698,1.3706788341900076,1.4487802605630522,6.268404390528823,0.5938723498116727
Colorado,2017,10280514.0,1.7717715764760968,0.2820478545648977,2.378431108678086,2.43892727861766,0.8586574147253975,0.259132901262178,0.131202065120505,10.546194050820569,4.556011767605566,0.04077193333953475,0.2034102276114376,2.7352878663959146,1.4392551023415714,1.7607886766882908,5.15466561038077,1.5843243367899944,0.5543129793973857,7.557735210452791,0.8147263507387561
Colorado,2018,12450138.0,2.8173409714035627,0.7717020378855733,3.136996802062944,2.358790122168567,0.7893714220580547,0.22144180220172602,0.10861241023220418,8.112919702646526,5.382759122885413,0.000954988649313296,0.3392765848117932,2.599259471342619,3.797200682164456,1.6308581094291927,4.806771239343466,1.4326418911624021,2.2940799477594225,8.570888508569366,0.904036950652285
Colorado,2019,12215100.0,2.6027676824730626,0.20743317721583746,4.461021471695537,2.0312155145887294,0.8508937911674893,0.17610399855980818,0.060769113746552285,7.560855137058031,4.713342348179199,0.011732927142253486,2.200660226575165,2.797648240521613,4.9908296697170496,1.8538062233516264,3.5013496071581858,1.9673634030069675,3.208581131197648,4.225173544686103,0.6664480108900441
Colorado,2020,14074552.0,3.349979425227211,0.4022938605739613,4.874482357197282,1.4354850227668117,0.8677205575883615,0.10818008244751144,0.06578205796570527,4.853681133911369,4.615162821989456,0.009992686768179394,0.44934602343827074,3.2983823551706646,4.193050028355909,2.4653714576312526,4.413633731828075,2.154561736480526,2.5034777054062785,5.281194199354931,1.6454562424753085
Connecticut,2016,13640654.0,0.10102417613042569,0.02478289154387088,0.6615404681900338,0.4734234996702781,6.080486326533106,0.17828283326217087,0.10717436169423429,3.654592879320811,0.06730870768980542,0.03111727557676167,1.94726661396728,1.3042701879690077,0.13436294124253015,0.17488988047831064,0.3323841621769693,0.6752608962553714,0.6618278642770687,0.7384169249783369,0.3094034184222703
Connecticut,2017,13323656.0,0.0055928775354920105,0.0222786614980172,0.1650817157537646,0.24284149450769593,5.206630776831232,0.0646459853613898,0.13366210384151447,2.709879066178433,0.10001646770347818,0.05843166157434902,1.1415823137808685,1.6276841792391916,0.17930943413147013,0.2005536904186663,0.22972963037943267,0.5242645306602505,0.46384886618800975,0.7966786582979813,0.2638637912599809
Connecticut,2018,17237958.0,0.02060279637244492,0.42230792576855597,0.2561046574950288,0.35408138303815373,5.649474516753472,0.14485564230263345,0.09352066365152836,6.709138790646439,0.11870941260313332,0.024461636340222862,1.110304682830027,1.5463454334759972,0.17121678643366786,0.14327637348669128,0.3768459097598244,0.05539047940929339,0.45425349369555745,0.5344922254669923,0.4120192320685825
Connecticut,2019,22712909.0,0.019789774870696497,0.7581078001385988,0.8721661189795825,0.40779503672235784,8.606503571554246,0.06338318502347992,0.10425830263184002,0.8781458479568839,0.20754302452157544,0.033007788266231394,1.973933023301779,1.345869831245947,0.17816744454821526,0.2329257581801851,0.28590601170714797,0.04583791712504584,0.7051156156986422,0.6385618583008202,0.33032640539767405
Connecticut,2020,19727600.0,0.019101517452995535,0.03597077684474269,0.1415244012118248,0.164193496124586,6.628651481228748,0.0863482320843194,0.13429402730615866,2.914393381488045,0.21004788471703992,0.022573139648658622,1.3933153678001569,1.425998141107959,0.13925725857023669,0.3583612508005506,0.29604750639721156,0.2838889037397418,0.461723746262852,0.45758184271177027,0.5117218206199233
Delaware,2016,394672.0,0.10886225876123458,0.11255563242841357,0.15179841369415478,0.06989461217816094,0.04847144570793168,0.023585996743463986,0.012778481586620243,0.24903895758620967,0.014015229829134765,0.8843286437308038,0.05491543205604106,0.023485079186461904,0.08646706370882767,0.22612778785407386,0.030276773290581194,0.2143976251339985,0.2726423506085825,0.1678787120962662,0.028291052594984812
Delaware,2017,434544.0,0.011966156587564301,1.3309272378915473,0.04329513091144471,0.0635456862859551,0.04128818573070753,0.007816710432289148,0.010742169081741346,0.2716859913552005,0.031132556499538815,1.2325388363756056,0.25492592698591976,0.025080105420412665,0.09508971198880492,0.23388606806844467,0.028968365755608124,0.21062827184883962,0.39908478514038825,0.20721214509175526,0.0008753775065496996
Delaware,2018,401102.0,0.005973591847631959,0.15323004493267503,0.2640917205274781,0.06682516275770894,0.04124286534855882,0.0072961543049832375,0.001364679212082388,0.24249648264486776,0.022082843890567642,0.7094968796491968,0.1702438345001553,0.018221238342129565,0.05100456120683176,0.22724183724291644,0.01362162751205514,0.0952904010176827,0.2812350961439068,0.2329979830273188,0.015269981378730674
Delaware,2019,365379.0,0.014223900688313106,0.13766865573069034,0.2193052568455125,0.07240606531876084,0.03236772785748834,0.011428143092639845,0.01033488329022998,0.18465307172075257,0.029919667665909887,1.0208202300431681,0.07563908374082781,0.028201780576294955,0.054496866693921495,0.20514219792013097,0.01094182564317608,0.15722405573890724,0.38859535554186936,0.19578821451084563,0.009124357595904397
Delaware,2020,1035408.0,0.021641612858978983,0.2877662147579415,0.07023167357530756,0.053999212443249046,0.27526741346583894,0.004438901136967952,0.0012328632014991616,0.4042314840143606,0.020738563814353662,0.7503171991546196,0.08484300927873058,0.02481490569827289,0.044211924850278264,0.22130007251982836,0.013153887098372707,0.053463070384132165,0.215748715885406,0.20642431452772692,0.007535394948887758
Florida,2016,17083445.0,3.5920190900856963,0.21375243956588633,5.643062551629472,6.523775143076967,4.079879035482616,1.621912680241381,0.5936497816665889,4.8309690007455774,1.007696643101606,0.5687756205943034,6.691759588799073,3.0313491467202485,2.8574221868359952,6.372367818676112,5.536434316185703,11.016739506885461,4.344134143959411,7.744732683231644,12.528860469967128
Florida,2017,20125238.0,1.3426808092763727,0.32214944526132866,2.9798132646294615,5.256957536450068,4.919241397025276,3.1470195539486676,1.1895107228987785,5.638652841799464,1.1147041067514496,0.5240388399533462,7.654758256647305,3.106459836941621,3.8721655669173476,7.739172047048534,4.453875027726608,26.040265360873878,4.041880772410796,6.345314376508387,11.455815320356903
Florida,2018,22473158.0,1.3388160340957995,0.2013457595250609,6.087957272324619,5.3826295060149105,4.712512918180583,1.7060332509915792,1.9434637485008597,7.907232023784279,0.9745910172174608,0.3991852554129577,11.378222457134108,2.834685923652726,2.532911342234424,8.696555271130105,6.156564596864349,15.974520379471723,4.524498820523532,7.7486289678014995,11.241544078895805
Florida,2019,23105454.0,3.059581652404973,0.21580491979405514,6.2151610960423955,4.256039236921398,4.836015423148699,2.1448289802962837,1.7388234438146137,9.691895112290474,0.8314273031414151,0.6473352799831262,7.871405955722628,2.879974620253216,3.7334573787649727,9.435608074317292,6.762584526684301,20.364411441144114,3.6847915828491784,7.006888880429502,11.907163360525564
Florida,2020,23899859.0,2.735276336979217,1.9672293819228241,5.06835209209545,3.862361079639185,4.914147396811282,3.596982301549931,1.4431544390120188,8.766489114227232,0.7076992777493543,0.39172542237718616,6.992019357083146,2.5574454816122425,2.849159152832738,9.510778729765693,2.556820823419725,15.281884038600339,5.750119729790183,5.623407256580073,17.540001815345146
Georgia,2016,9908169.0,0.6912753431338396,18.96510775394719,4.1360098880145095,3.0083873913713495,3.031430882000858,0.6699636502628966,1.613317651067759,3.0777202195763573,1.1235488633462494,0.20672944490627335,6.977811615479049,1.4277894008377856,0.9540533985750551,1.34023159907282,1.2981593020515898,12.026424049183182,6.465203366184993,1.0000933595728783,2.0765153095352833
Georgia,2017,6651043.0,0.3868190183849591,12.501448112997371,5.186038142340506,1.4219084314360184,1.2905493759203894,3.629555232756575,2.889233476534921,2.754957282499258,1.2237515197987618,0.06661037687920832,4.73281291773613,1.1876554641099077,1.1577156137800648,2.1777697282805177,0.7147054398663887,12.724561255160008,9.001179264332908,0.9553993767415518,1.3947264757926856
Georgia,2018,8917930.0,0.390599760812506,5.504807870250423,5.142683176029683,1.3445322417028884,2.044493508815585,0.7588586984763354,1.2176149581685685,1.8608860526922086,1.073214158304984,0.05041046854578258,4.6413071404658695,1.1734389598997412,0.8667327386069265,2.5502788086883372,0.7030002471011025,11.135833415480231,5.1631769514115575,6.761286523035777,1.8115873483474636
Georgia,2019,7943731.0,1.0620512513940452,10.0991121301899,3.6967798073259015,1.6086261461338487,1.549814240626578,0.5467690611903333,3.665493726312447,2.635436047341677,1.0509539834721862,0.029491085475961906,4.0311070483082885,1.2313524398506084,1.121935780113487,2.248726725048082,0.5058496816317972,14.285845251191787,9.22551687186459,2.5503439278554785,1.4348668830208036
Georgia,2020,8845570.0,0.6465050827309073,8.044223382658778,3.139355808816248,0.9155600953039623,1.7103432316690117,0.4696676539595143,4.4531018838149725,3.0837437541175494,1.1089571252266195,0.11191623010137015,1.4627890192168898,1.2370608571770276,0.9438431978129969,2.5115341986991404,0.379047400032159,6.178192413590312,7.361786818505759,3.685497698715847,0.7186026637621145
Hawaii,2016,1434603.0,0.0755504075802968,0.5813653307999711,1.1833940982466165,1.6962967835096179,0.14650208742792234,0.030077833789253428,0.054823808097435235,0.1777794689684829,0.21898392011318996,0.0,0.217567109754365,0.22163403413015878,0.45153246027367105,0.06077650733784205,1.0691630018490734,2.0651805429574046,0.7517279199333758,0.3101762271475482,0.14553109258606595
Hawaii,2017,1584539.0,0.0200303055922272,0.0222786614980172,1.6788889653438006,2.217863066294743,0.10219789369464946,0.013592722415843266,0.14891434391177316,0.13236083009101968,0.12254375188370746,0.0,0.20857575844302526,0.2056060819724131,0.6067242329905612,0.03146762924979074,0.870503425547355,1.9978937172815114,0.8005927161703132,0.3303837479716391,0.09404055498933915
Hawaii,2018,1867286.0,0.011703363619850367,0.03146027492579077,1.0826619532621966,2.256981957482917,0.11752633150623057,0.028386966910063403,0.028096336719343286,0.1570571455116382,0.12203954463985488,0.0,0.3073558658430141,0.24503058067425956,0.5045078844354955,0.3134198891809405,0.4686126635252485,0.49100374120441437,0.9931983167241851,0.24199244133399164,0.054188164007707956
Hawaii,2019,1765720.0,0.009482600458875405,0.06557865019603831,1.3195903191159355,1.7761997974500479,0.10496009898219329,0.01189509947707029,0.016453134198046126,0.192956416374546,0.07079672285696038,0.0,0.6429322117970364,0.254717553100473,0.6358495293746695,0.5194489068620417,0.23979465004408734,1.2761276127612762,0.8599435983777384,0.3143450918098006,0.09765528670211192
Hawaii,2020,1992609.0,0.046331340205138107,0.011990258948247562,1.8331477330832613,1.8674556565691607,0.08398866081163577,0.0018132766082385424,0.016379468248488863,0.19255123983848862,0.1096373797751352,0.0,0.2020862864827536,0.25926304618506046,0.5807676784453073,0.40017799142129784,0.20050606178743635,1.943382608463204,1.5829185051542582,0.2445892410397175,0.1481390143360889
Idaho,2016,3069740.0,5.518663345642026,0.6422899391786536,0.11018428228045439,0.7599584279266071,0.3091182515578472,4.656800995617251,0.06897631996218669,0.2518803248646611,0.009071058105346462,0.00016778041905436678,1.0035043877703425,0.8167906148601847,1.6196147003428907,0.029875174942354435,0.16014443044392837,0.08429308338601652,0.30165555038857256,0.10283034543379004,0.28686647821948585
Idaho,2017,2325127.0,3.8622071055558087,0.9802611059127568,0.10199626480544288,0.6523716271874958,0.1787536403413359,0.04431060432838108,0.044690703431672016,0.24654833433017778,0.013062319281978079,0.00039355148011133926,1.3338936305514624,0.8481030943178187,1.0938529683593197,0.0207220165948622,0.09674053435562108,0.03459223442772913,0.594698744223,0.08988654695761071,0.26911605629927904
Idaho,2018,2992159.0,4.063505376842213,1.2395348320761561,0.08365670565805619,0.44652239675030925,0.08859155321598798,0.0024750619909187513,0.04399083577771463,0.2436109540666958,0.013267788499245863,0.00016911257331589616,1.123453596876787,1.0653218448114792,1.2542291347304055,0.02998282760641759,0.10971862497078519,0.10186215281200565,0.7012698709170118,0.1045571184080307,0.2355360844524563
Idaho,2019,2677660.0,2.320763390565637,0.28184866679999443,0.15281376939767094,0.549565293044137,0.1749227028716553,0.0008724711393305688,0.033236984661379615,0.22294071651324457,0.0141625023199584,2.3815143049228995e-05,0.6865482161149258,0.806989602186501,1.5051354568920146,0.032407242303331786,0.11151147525045536,0.18976897689768976,0.5057650542565301,0.11023370060694669,0.11134182309596852
Idaho,2020,3529413.0,2.542229086124475,0.8723947027862882,0.06659377393687435,0.6778376215933742,0.3495358075800083,0.0007543230690272337,0.009422597325743591,0.24757543988216205,0.015751063904499353,0.0,2.2718610942359714,0.7996337106915453,1.4239367138902135,0.0712441366832276,0.057179720425469274,0.2480686465823732,0.6092953305717677,0.07895187087594996,0.1625247683294201
Illinois,2016,10644446.0,0.2691075036577719,0.1430179366177549,0.5278783625149842,4.664291101563275,2.359391675670265,16.21137603435213,9.226063705539815,0.6773093603713004,1.0535212658050646,0.2896249562347773,3.3347236742886492,2.2289254447243825,0.7041836405355565,0.529520567577016,0.9675800801943789,0.2629577709976819,0.3753735960267444,2.536818892202723,0.9548230250807375
Illinois,2017,11450793.0,0.2164313539315978,0.9138706946486654,0.5097986441499509,5.607242640577489,2.5534625414879457,14.795099555056135,14.945555243039527,0.5018282332774572,0.6340107571746563,0.15347076628050918,2.492298821770339,1.9014167395001798,0.5896288516583266,0.4876083972417574,0.836899762640509,0.20217239232206136,0.30531638208164386,2.986497418634089,0.9789221601815784
Illinois,2018,12474246.0,0.24552681594144418,0.25168219940632613,0.4206174103452175,3.906452647313753,2.274625891084629,15.961569208070486,17.0894763966689,0.5965859261632478,0.6612044967029056,0.14789889316318153,3.498130172518943,2.147088057320422,0.4993654600016202,0.4088772650242639,0.9178682774281028,0.17462083339200968,0.30155246050411305,2.2985960895969817,1.0207914985392168
Illinois,2019,12780106.0,0.37827330091383404,0.5143970717504849,0.9099699211347881,4.384375861765883,1.9707302933998485,14.429247198722505,21.2135467996587,0.8544153327156625,0.3863505370896121,0.23369006036106774,3.452030947408031,2.575839449396077,0.7195394333793309,0.5024884947032923,0.6918780168948707,0.1806013934726806,0.23586479627345064,3.72333115468269,0.7236601990589582
Illinois,2020,14778551.0,0.21834660109833726,1.4900997672235934,1.178679482852356,5.081876931525373,1.9795037721281332,12.910478678913393,18.89838389246615,1.5879698947770922,0.43013816790121895,0.13549003470352602,2.605417698646354,2.331147919379055,0.6131339158651021,0.6862788765783441,2.5428334788198605,0.11387633991820151,1.2482124493457347,2.3443752949770085,0.8491020035587614
Indiana,2016,4122802.0,0.31591827492510277,0.21426874980638366,0.49141941454507054,0.3793082074896075,1.5935213346822106,0.1818017729692343,0.0913730134957254,0.39389236212312223,0.3390520380142879,1.5859084581644618,0.11757184541351412,0.38366840446083156,0.17901915457850975,0.28513184140923137,1.1767660598141814,0.08429308338601652,0.341865393463939,0.7399335967398971,0.32067188852366263
Indiana,2017,4009684.0,0.2762621368694193,0.0770841687831395,0.36493350148001147,0.30009226644974707,1.4780403816480392,0.4292746426868289,0.2605181005549027,0.19662536588889312,0.3408973204050037,1.6232639013115997,0.10624240440103228,0.324291878440316,0.11972354419313223,0.341808381717727,0.9267366629410951,0.8002336897614674,0.403196790286269,0.586796950345455,0.17557571702796831
Indiana,2018,4293450.0,0.11861846668869175,0.1321331546883212,0.3001890963104955,0.5348658587065714,1.3308520973556828,0.29340628236422145,0.07080276853274507,0.28623688204642783,0.4393363333151758,1.024394438961826,0.3015599629408239,0.28358665449233134,0.1296019822696589,0.3691635649040166,0.9808432121996252,0.08120807574413354,0.3068278463379911,0.6308574680018686,0.29553494933879626
Indiana,2019,4347319.0,0.2628329475014379,0.09487974921980011,0.564767202026111,0.43242686354335697,1.3736440176329823,0.37781686830785455,0.04076077969666704,0.2707170638812741,0.26776128968135393,1.7192628070099396,0.19299369230856947,0.2742051624673026,0.13441505425588926,0.33400400912627753,0.8340525529398393,0.15080674734140082,0.48793695526577213,0.653530672196525,0.5658334730757469
Indiana,2020,5698176.0,0.12791920464532647,0.12693136196937937,0.23893926930764706,0.573165276940235,1.8008837808591218,0.49395105429704494,0.04182928719372156,0.2047204987872438,0.31530435240919497,0.863797259136804,0.4416613445072719,0.24338736413393156,0.15768283303313543,0.31669586342920625,0.6822898558810235,0.12563821540271058,0.2303916860171054,0.6071957704468395,0.2690478514705152
Iowa,2016,1807675.0,0.8796070507907754,0.06557140054315837,0.1511773072551443,0.30045546933775263,0.6818918959772966,0.019354168388848902,0.3650111433855556,0.10784678621646475,0.02052114483064998,0.012421743167846512,0.1029095161249194,0.26747265756835237,0.09398862617840921,0.20327246276156227,0.237778875660853,7.0311426293944645,0.08818378186650495,0.28183131711483195,0.35267913870527673
Iowa,2017,1843994.0,0.5093420564880632,0.029853406407343047,0.03288237790742637,0.23062277096302722,0.7079986749264751,0.020383116669236437,0.31111289691699745,0.029261201727550517,0.02821961756700824,0.014511316393923565,0.06045067162371481,0.1853603251199904,0.11286024796986817,0.31833586123288304,0.16739071143831746,4.410894247695773,0.040826336805530064,0.2565483701136017,0.25798625657314717
Iowa,2018,2275750.0,0.12447014849861693,0.0059219341036782615,0.14869421892228588,0.3441082127734347,0.7390547527285891,0.040914768835661634,0.02191514264108776,0.0010832245595338134,0.027733520423466218,0.006923667707521395,0.09904938541802734,0.1983669406660192,0.11272584437982291,0.3114556527338333,0.19258591542833325,2.8103627137579625,0.030939425025717508,0.19987070120243453,0.3012105176388555
Iowa,2019,2194550.0,0.43434432971414083,0.2981270551465287,0.21247897028491536,0.3094936372027428,0.7087870424899697,0.019759628056951476,0.006614325305747188,0.0028962439861332976,0.023533121190521734,0.021917869986307088,0.09863488558163225,0.18146212454954136,0.16013609829961048,0.20300659590014175,0.19116623599986923,2.9602126879354604,0.057774481221386856,0.2551795644720364,0.23575367193742172
Iowa,2020,2541092.0,0.17740026315388405,0.03762460566519062,0.2761772142177202,0.3928119208191771,0.7445332545604221,0.009037370615460895,0.008982289039493893,0.06356430181862471,0.015508428773749684,0.011980053908380885,0.10249700141751172,0.19570493707512363,0.1942352399614842,0.31263094758809945,0.1301327658111424,1.770162260418616,0.0404360918315736,0.368380265687215,0.26048490266496094
Kansas,2016,1154893.0,1.462237859680903,0.09551739449200236,0.6189946771178176,0.9998337647803865,0.23856486201594987,0.09343391635996022,0.045549103720049576,0.648908204623255,0.02843505636234386,0.011409068495696941,0.6539763144186249,0.12248794052320085,0.22513108544543986,0.19354728871709562,0.27804885511204774,0.4324601669369542,0.4642111964798407,0.16043016855615883,0.20534988599664822
Kansas,2017,4024214.0,0.5141545325069748,0.2980884908434701,0.4227212359876923,0.6073881346032343,0.2836212424271615,0.07119770143364436,5.389534831278244,0.38770128843980484,0.03173350665180873,0.031126344336078655,0.11420011406050512,0.10281591541648082,6.7912618784730014,0.3654440676875698,0.29178164504813087,0.22907746354362848,0.38968591623551807,0.2941250017740766,0.1824536831508588
Kansas,2018,2815390.0,0.9266381966091941,0.5237210472940462,0.523671269082079,0.630755337522598,0.2377130726250945,0.06472697661559085,5.2404484496441395,0.3314146371135232,0.02129174917596184,0.00976873805860059,0.7698170138297163,0.424332982090587,1.9663826497351051,0.3451637563606266,0.23843105616364307,0.11312801303084499,0.46102594848229284,0.10057188149676642,0.22256335690946388
Kansas,2019,2339100.0,1.8672477164455092,0.33673009036831014,0.6877699731528198,0.5047935263450746,0.2833321582865449,0.042161246183706785,0.05175709551747174,0.40218668756633696,0.05165287217362754,0.014439915068849183,0.0974945978870469,0.5971095937559577,0.7913890730521291,0.16950045158652421,0.23399072513770697,0.11917858452511919,0.7848177053043838,0.2991504552906692,0.2784162088047585
Kansas,2020,3492234.0,0.666521034530057,0.6139839495912975,1.0407929812789642,0.3640558582191179,0.4286792918210592,0.09242633527513498,0.1751546362701309,0.41018741997193664,0.0427240026061709,0.006646276993460724,0.11651634811595557,0.6681306857518781,1.584648563884823,0.1383152480614892,0.20054575023988833,0.0668288379801652,0.5020254989189055,0.3192770222776171,0.3622127344749457
Kentucky,2016,6533822.0,0.5319009963073922,0.9985440051217976,1.9671683136339073,1.1599503151929702,0.289419555830057,0.11765696253315122,0.18391395272786232,1.1697733846873961,0.09097761487815369,24.68136251362392,0.3767581134591076,0.1383795609040013,1.8682908978884911,3.0066879812007956,1.242932530560446,0.6395279587330384,1.0945740412772018,0.28334798887639223,0.7601422224779606
Kentucky,2017,5589249.0,0.2659868502344456,3.048166466158713,2.855956307844822,0.9172678656692331,0.22276766964628847,0.08186661613053978,0.34407741577852435,1.3207289766386052,0.03336942651076573,22.16644365416127,0.27405235195693345,0.16759289609536554,2.281864400915957,2.0225061146265504,1.2605049551057574,0.04689169555758838,1.1927752069586877,0.26482739417548695,0.7305650561804778
Kentucky,2018,11375794.0,0.33025429214765256,3.4184364613482767,2.7055398061736886,0.9124312583396867,0.16912498463172507,0.14309611956027415,0.12282112908741494,2.2419207071289926,0.02976022973993251,42.57284188357385,0.3968895897798336,0.15827154575470714,1.9347949637188284,1.9758412463464072,1.1019275319857322,0.0384916890810344,1.1779793989054286,0.30752744831922635,0.770661095600894
Kentucky,2019,7633775.0,0.30715379747226856,4.648177518150403,1.7723286537266771,1.1223912053161664,0.15862937326242935,0.0808694727878095,0.10640795835620788,2.632639069782488,0.025854066386769098,37.963584582298665,0.3757247953658708,0.08797260236316687,2.821325423838543,1.2333205335438802,1.0620836592094447,0.03254492115878255,2.0123824251172175,0.20256289321364304,0.6257583080974974
Kentucky,2020,9941054.0,0.2040204630085906,2.429474537238023,1.9755310828208275,0.9040641286721586,0.19677014399574647,0.03646861914489357,0.10047835092218169,1.9379184534045562,0.007979999855766895,31.317052405940636,0.1164125011033745,0.10943586416420732,2.73820297159043,1.764130231254792,0.6386495675206034,0.5757972680371034,2.433352655784746,0.46105138148558766,0.9688120278604103
Louisiana,2016,2581319.0,1.013943078102139,9.325079253621917,1.1006627205704242,2.4061458127395317,0.5424832995239597,0.08657805106861251,0.1850131769503673,1.508634595974784,0.047426825651592876,0.01037841735007726,0.5555292463380604,0.09901002295024988,0.986876312157247,0.2671974077396993,0.36202260291544086,0.2107327084650413,0.7084941658950245,0.4138154641875037,0.26684696218828896
Louisiana,2017,2661053.0,0.6525457347805446,11.836207280666578,1.4336716767637894,2.2960483302366863,0.4271907660435668,0.11106889159284748,0.21672941132093418,1.424186456010972,0.04795081423320388,0.0028407261382582126,0.6350810744024912,0.09682072238542709,1.4225066108116657,0.30873240697294696,0.33794633563173543,0.0753341994203879,0.4830137473143466,0.265334273199684,0.1845795999524795
Louisiana,2018,3254622.0,0.3835289786255131,2.918403150468943,0.8947066517713128,2.8948926293780435,0.5442353548132564,0.06247478750537094,0.24813079085568598,1.5118846399174082,0.0588122413544084,0.00799305603878368,0.8000941185426504,0.11052943078299284,0.8008390040476957,0.527882900802447,0.31051575305375384,0.04130815413574423,0.2706130354783955,0.2276013080433151,0.15675379114449187
Louisiana,2019,2995429.0,3.447131410289446,12.31343804212847,1.6559361474339642,2.8564014143507226,0.35775284377479966,0.06214206410696742,0.21058358192172608,1.4188909499324083,0.05638160065169615,0.10628698342870901,0.5747049980710134,0.11685920892446067,1.1300307036421162,0.18915628377050284,0.3004806964571493,0.057755775577557754,0.3312975614592728,0.17262526542223347,0.1903784882172485
Louisiana,2020,3620446.0,0.6642857505727916,3.4407908609419384,0.4989985670717535,2.202893846650079,0.6187451112336411,0.03793374664435031,0.11007707156242515,1.2332030508805776,0.043162093814468915,0.10406450090811507,0.8661879319386679,0.1375848068705679,0.9739064747714463,0.18547259619688203,0.2321377583916697,0.016038921115239645,1.1319418929330205,0.18102517190107947,0.14676894252720019
Maine,2016,1748848.0,0.20640284261130076,0.012907756012432752,0.49228896355968527,0.38454736538027395,0.6377380336577904,0.006931704509172375,0.0020610454171968136,0.005075658288158827,0.004660954030936273,1.9985044772504432,0.03369603625329219,0.0863124821953336,0.04784259358308203,0.01627858868833989,0.12795265949701817,0.01924081251202551,0.0022066377297457218,0.04030976504058108,0.14217452702394912
Maine,2017,2568182.0,0.16349411772356878,0.02495210087777926,0.029959499871210687,0.6544803367858943,0.9734725758289224,0.0036756439895344393,0.013940219419053657,0.0034628966861014634,0.0068358079820703185,2.3122008114315973,0.02631628545281811,0.056529477595959346,0.07269087448404798,0.007925180699947297,0.12401437175226604,0.02075534065663748,0.00983944088478602,0.04845763471323826,0.16156967692317312
Maine,2018,3504485.0,0.15141226683181414,0.028869428755431525,0.03874244211194543,0.7047789020136329,1.1145313419341978,0.001571840316507643,0.0038532118929385075,0.0022549818955679866,0.007473961494180519,2.9557147391207272,0.02612481606658887,0.03369343450038201,0.05180387472364475,0.0067958065583823,0.21150324935560144,0.01361291443109753,0.0015683579506124083,0.048929853188300225,0.12026799492982565
Maine,2019,902599.0,0.12739667573010868,0.0,0.059492383505963496,0.6750701903304437,0.14639598971982964,0.001056796027921534,0.008681301963793183,0.005424618272414986,0.00758649093059087,1.4971627829328302,0.02632164095001169,0.03324578735042119,0.07084017201712497,0.05438528250904625,0.20022243477331217,0.01696002933626696,0.0029554602604999875,0.0519392033881136,0.13624885329019404
Maine,2020,2366166.0,0.13807958626926026,0.0,0.008336853338076076,0.20044823198307085,0.7253058040322605,0.2141842329651366,0.008453919095994251,0.01315762515779112,0.006456790423838417,1.6167161871705167,0.02461174198171254,0.033499057675256454,0.06817557089879328,0.05613043363570829,0.1260561947664312,0.015504290411398326,0.0001343391755201781,0.05114259062779583,0.21099105856885722
Maryland,2016,32117814.0,1.0844858217794189,0.611311324748815,4.035825419402124,5.332469491477554,2.511153172274774,3.033735559264936,24.465639624834772,3.6311922796421108,9.956639371224355,3.173219081259592,8.236586245460142,11.83136580176863,11.273134106347051,7.488757162404109,3.3521043458010316,5.01910337813694,23.730835964272085,12.81213526150623,3.9874800104533046
Maryland,2017,32028627.0,0.481377668810603,0.1581784966359221,3.043629435086837,7.1141064036134685,2.212925280652652,2.917602086238246,18.713104544265526,4.4222071545537585,11.397904369967616,3.3445364321338364,6.265439876362322,11.753878486492276,10.973507350641473,5.925541062575594,2.9867093388954506,3.566843727659182,22.915764106013366,8.6834797312595,5.140841988107371
Maryland,2018,38776058.0,0.46301432321033015,0.09734179182921142,3.187356790403907,7.485294957279639,2.240276892513157,3.167352078975826,16.1817238948908,4.273169860859805,12.003830103896354,4.211738690633964,8.009245762719196,11.051748204055611,12.673000875100279,5.6230445123071835,4.632748973478931,12.982965080527432,21.72632011183818,8.60670029025809,4.268162494223082
Maryland,2019,37690857.0,0.4568139699319108,0.1506913664079178,3.447793165245388,6.17039739329759,3.193969329685416,3.19933937959929,13.051965446764601,4.3255228756853255,12.083385403291464,4.682454042529241,6.322040050704793,12.110060443316115,7.250092614461283,5.860237080851819,4.546929706425196,3.4309680968096807,9.802594322084152,10.571466730843305,2.1143849196563322
Maryland,2020,42435387.0,0.3314316485727204,0.15504645191699432,4.822339129046405,7.94478319308131,2.0786307412996403,10.483313648402474,9.99931311907345,3.567965980435085,10.528558390784502,10.538910205120956,12.424879667274173,11.39584020280658,9.244775314442023,5.135783324417907,3.023058083709977,19.396401935363148,15.875666406272565,7.436280993442837,1.2501905256109236
Massachusetts,2016,15134662.0,1.5922193966418168,0.20187730403444823,1.6015850636323548,1.734229499757092,3.9938437231533,4.896301245507474,2.8957688111615227,0.6839684237727812,1.4308805197611099,1.0565192909431709,1.360318090582231,3.9704357708615405,0.4995221175604655,6.065686670751084,3.9180521876481995,19.004425386877767,0.48186429831780647,6.651717900400503,1.4553109258606594
Massachusetts,2017,15483163.0,0.9842163793271639,0.024060954417858573,2.98291882254294,2.0498876990749317,3.829761166744393,3.8764200755082294,3.02666763974865,0.806992562865063,1.2090449341279341,1.2008042761157185,0.5335853740088637,4.001126169330858,0.41232160027855486,1.6675978753989105,2.836057698600965,5.401000868649442,0.5586452705332243,7.775760774727418,3.785007284391394
Massachusetts,2018,18163274.0,1.0586667674456312,0.19949515511766144,1.48922420723213,1.8831757231994275,3.886118620809424,4.851356105233067,3.339048930974525,0.3694212372840894,1.5413011338195477,1.3497521083239645,0.940752896437596,3.7438747625462105,0.39426356894773906,2.6174015093463785,3.8514410964979993,2.799566264381575,0.36984732035350787,12.666411316301613,4.938825481680077
Massachusetts,2019,17245558.0,0.912803365910876,0.03209167988316768,2.3113028615966082,1.2968077604255512,3.7416159814297156,4.194374281516945,4.85334387215832,0.39571101300863165,2.033400611797996,0.8065950799343368,0.7502142790626075,3.662557718738328,0.666066421053515,1.7776709746390003,3.3182448585096522,0.6756508984231756,0.46953683170846583,9.396382579655704,3.8334632115765905
Massachusetts,2020,26817669.0,1.0695833735515106,0.045480292562318336,4.948402456794889,1.985499212812301,6.484086639591975,9.177594922129199,4.864437884829442,0.3112684352175883,1.893996350902431,0.8206755810244696,0.8671225550518975,3.516320595737512,0.5229932450652832,1.6019876573587302,3.55068771016453,0.3362827127161913,0.22763773291894174,14.858471951559943,5.6070188778769365
Michigan,2016,6024662.0,0.745271023479412,0.15953986431366882,0.22434364577057572,1.1491232276851964,2.38891576981849,0.33132637483230054,1.2141618552706428,0.2565992476134549,0.3179401819956894,0.009042166155465695,3.8598354176304945,0.684242755838151,0.40882857088842445,0.2876972350420643,0.6807816668249658,0.6047112503779446,0.15503673234546791,1.0344375490179887,0.7952662835386832
Michigan,2017,6699526.0,0.4121820676738182,0.22144989529029094,0.2706097915196347,1.157830705232607,2.5318879194618114,0.3524322022692567,1.7048068336595619,0.33677633717360683,0.3939311713428239,0.012844089214542801,0.9861277575383594,0.5814493249693024,0.5543182635245931,0.3041637733929773,0.567371130221725,5.886060866958267,0.1928970985397976,1.1186820064028957,0.7174343935822323
Michigan,2018,8290031.0,0.4405828762722836,0.37789341999096904,0.17555979457688792,1.3136590964910684,2.777390308203371,0.7270347971428636,0.4544381776234352,0.39091387073214734,0.33476114627966613,0.06014936320909213,1.3082304416391506,0.5514986018338196,0.3372563199577823,0.30745944754833937,0.40194794052940813,8.566278463899959,0.21329668128328752,1.180930862781651,0.7371482161148303
Michigan,2019,6657927.0,0.5464863873147543,0.14929607597821487,0.674376626103547,1.0719244614871128,2.101548474743424,0.8359010814341215,0.2876404717336808,0.41432638766144003,0.4200910805207727,0.09252976912727105,0.571379158961806,0.491132173953271,0.4906995898588064,0.1807382796917103,0.48714045723164723,7.4353685368536855,0.1498704364356768,1.242766417466025,0.5855618138236484
Michigan,2020,8461849.0,0.2604105810214231,0.045066835357206354,0.16037074239426344,1.0471593890862496,2.439339467043854,4.030558497899065,0.3669529257605004,0.7655874359711146,0.41002641150796854,0.010690825107828629,0.6489399816190787,0.44589935999748914,0.5901080927959199,0.17295352028198407,0.2558147551687406,2.769387045898046,0.4877855463137666,1.3720304323575012,0.743777733250444
Minnesota,2016,6167041.0,1.824749181355814,0.01910347889840047,0.3058949212126482,1.4026499448315157,0.9166409989898794,0.33520934278492226,0.6956715298178311,0.20964158530019264,0.6665164264238871,19.15590390232687,0.08897574978234181,0.35589781574941654,0.29621826964718334,0.5338117714719366,1.1138792976977216,0.25379547932528884,0.1700745598370684,0.8528750872507561,0.5190688887130688
Minnesota,2017,5728519.0,0.3981348403753731,0.14703916588691351,0.5175320922874382,1.8676438593422722,0.9909442722673303,0.2645031603377965,0.8480573484226641,0.19196229197295042,0.833526207728269,17.297625095704564,0.17164919344424331,0.23549621759251987,0.2821052215948354,0.13158130897412498,1.1644099553630747,0.2805814570249141,0.2726406269045559,1.3313684449559793,0.2699914338058288
Minnesota,2018,3429025.0,0.41924861967359806,0.11029602268100762,0.7656689061561586,0.9642812845000323,0.7592802083679379,0.201770337942149,0.9251722305440895,0.27881575225154476,0.7032078589307851,1.4655444820532018,0.20588431204795204,0.2429668689462464,0.5007168048579316,0.18777648885736076,0.9713606476438646,0.10139274196955403,0.23846169749084115,1.7400263911244347,0.4901258624836828
Minnesota,2019,3281474.0,1.2618042914951382,0.073020199154454,0.670877074132608,0.827289994172105,0.793845978488478,0.24768349696263303,1.4917783936449562,0.3860354559823759,0.961258135445783,0.25629063111478606,0.2061070007963009,0.2498279913474392,0.5896585913250522,0.13713467728358059,0.8112260882186205,0.7356985698569857,0.3705765816955952,2.3740087193340944,0.3797705593971019
Minnesota,2020,3927176.0,0.6051523295214969,0.06449932399746965,0.31907411412091163,0.6648723670914947,0.8889870472416272,1.6143311518890424,2.8934418722612825,0.26454239313727923,0.658376947559741,0.05528324798902414,0.36294530897082417,0.25984667572680525,0.3077647620805497,0.10830406089416904,0.6548141072264053,0.21812932716725925,0.12224864972336204,6.910923962011993,0.47353106894715113
Mississippi,2016,4833432.0,0.8397634640841636,2.671389184333082,0.6190567877617187,1.0834745321767507,1.909037429426699,0.0490376382454142,0.048915477901471036,4.541938111641076,0.0072827406733379264,0.002396863129348097,3.060601865849705,0.09857244836473078,0.09601128494396116,1.404739588058419,0.7888029426690422,0.18507829178234061,1.1655950852456847,0.20286327406292434,0.16842766481336297
Mississippi,2017,3808885.0,0.851027853830796,1.2609722407877735,0.55437253420224,0.9453504670150129,1.0635579130399462,0.018187277402761316,0.2287836010538806,5.686351628585447,0.02913773585519839,0.0029695248044764692,2.07437945570662,0.09128543261361549,0.06783208913196112,1.7090885272986345,0.7214835533022412,0.23830205939102292,1.3564476974974042,0.4390924026944337,0.20646403761622198
Mississippi,2018,8626334.0,0.6993978863237662,2.4376161254265645,0.25423755185107966,1.0455616992854755,2.998189101228877,0.00728442415336751,0.4352523934065123,5.322288470199451,0.02960201079701135,0.008206933705036138,2.4468225908724044,0.08269634371628969,0.04707242630277132,1.4440976049410255,0.4223756022790656,0.05773753362155159,1.3626179030911623,0.29299793874690866,0.2094554967878986
Mississippi,2019,4281152.0,0.9649576684346908,0.05953239166732556,0.6523856143355474,0.7055046944946856,1.194859141008944,0.013074778764052468,0.15262555643011635,5.0372106040601485,0.03055911175059028,0.014614559451210193,2.5408460554597925,0.11760808768952499,0.05943870241445001,1.2800757039815087,0.09576908578754591,0.12238723872387239,1.3425416576890588,0.5730410371323367,0.17619874330469437
Mississippi,2020,5793799.0,0.3573406217137516,1.7179146872402973,0.3700047090589764,0.6666322833314758,1.8350065433240863,0.007506965158107566,0.20553590802136024,3.742675151104206,0.02133167191174174,0.0013218085897358863,2.032389883224034,0.05574620639333467,0.056214546368029035,1.6159986438748855,0.05430514251216111,0.1117378171028362,1.006334763821654,0.6089967524057676,0.23017206389329883
Missouri,2016,12767413.0,2.0100327457674356,2.046653793331337,3.14261224946119,2.7134895236744923,4.852624537635108,1.1854883173476902,0.32667569862569495,0.3740591178380725,0.3444493580466395,4.138316020291604,2.7543322174177542,0.5986672036730941,2.250243044083965,1.872947247810728,3.5476212042187623,0.1484291250927682,3.303827045369289,0.991633701525064,0.5653415425336795
Missouri,2017,14627516.0,0.9768025649196512,1.3990999420754802,2.443586931568727,2.642761113827347,5.306192845533494,1.2055038233857835,0.3061108181842782,0.9071578129555719,0.09149466068309503,6.054460369365953,3.637859990380944,0.5795167299359085,2.2328574858889185,0.3155853573429014,2.487711083094112,3.317779639779532,3.552038159407754,0.8827805085415873,0.5732472128605461
Missouri,2018,16308884.0,5.968227805972861,1.2402750738391157,2.2609612067311233,2.872297646159548,4.749770816615902,1.8748066724386832,0.13975920636679046,0.22594606124968283,0.36568918250306437,4.070295918652078,2.965080117544371,0.5027611542416304,3.4093542598604114,2.586402697370768,2.2571849305607667,8.70381584073829,3.0662823714427683,0.543846462105932,0.4605318277762313
Missouri,2019,17027024.0,8.887258064848618,1.3069220358217564,2.1862262818945277,3.8502826237474133,5.066580373452942,1.6349371851500496,0.12534146454390918,0.7740795973099732,0.08594602160389471,5.141197204705523,3.875457777997389,0.5766426353406509,2.2521007597383056,9.227646052370767,2.914210378178903,0.049046571323799054,4.140790499815998,1.055946587142692,0.5417895577892421
Missouri,2020,17509927.0,19.32941481282037,1.5876756676300219,1.7682718561978692,3.127643334221518,4.901373488723085,0.7886012500293751,0.15833485973539232,0.7790848120132617,0.10008699143423849,3.1410221294494627,5.636608148875077,0.49114928728741913,3.1166429053332365,0.3746641579505213,1.6356178233355854,0.0395626720842578,3.0615898101048584,0.8681527592897562,0.5057277564560352
Montana,2016,582913.0,2.3575210757332963,0.5891099844074308,0.19347465575175618,0.8908426002676064,0.03936397362749666,0.03810162303510067,0.24258504560406494,0.6735354738759123,0.018765195134967393,0.17572602032815574,0.14598580030818215,0.04851706689128924,0.022473039013677414,0.06229242175724333,0.16344615054104736,0.14568043759105026,0.8685979922865752,0.14509493185593775,0.5214664355431523
Montana,2017,755119.0,5.065716311042031,0.4330971795214544,0.21136061799384614,0.35376378131030567,0.03321584526093029,0.021600375393043294,0.07790122616529985,2.107373580597737,0.01810362333713128,0.333810365430438,0.03197044757928567,0.03664849626797446,0.03415584087228863,0.18838620710874723,0.08555126773135648,0.16219914365001883,1.313859072772211,0.10776248054429345,0.5503623437607469
Montana,2018,919549.0,4.356455197451592,0.5921934103678261,0.13583193559730267,1.4753216639653177,0.04506666113732415,0.007120202030747308,0.07586010914222686,0.6404096505309259,0.027115713122535974,0.13047532421242908,0.07690384597085266,0.050551138417326474,0.01830932966399089,0.08705857172465829,0.18846597054573974,0.0938821684903278,0.9611182677343857,0.09581173740831188,0.6318799374065897
Montana,2019,1450696.0,2.4514583621075285,0.6376477263742448,0.08640869064046985,2.522562275284162,0.037062877143004984,0.015028622583116701,0.04249704008942568,1.1942685433626994,0.01858335031281052,0.06187174164189694,0.05986510396573055,0.07617851009354483,0.026955903527502,0.08494719879510579,0.09518955826336187,0.040337367070040334,1.3270969943922526,0.11787940942867521,0.12268561902601181
Montana,2020,1644962.0,4.001869510218803,0.34316948024294747,0.12702332904195912,2.58916662914639,0.03276394941455359,0.001486886818755605,0.04024417736322263,0.9613199795449376,0.05668226248901992,0.15519149864842743,0.054311987579897296,0.05827029765963968,0.03166665172956679,0.08720109354884883,0.1585553675456865,0.05239380897644952,0.43418421528121554,0.07119175743527456,0.45417880464659854
Nebraska,2016,1036163.0,0.5813244617849928,0.40375460806889646,0.6934653391551711,0.2576437399171326,0.09028773095297699,0.0472933362354474,0.022465395047445266,0.025860197344848672,0.11427429309875355,0.9972388735965692,0.7087096057381618,0.3247362030405661,0.18547077531963282,0.5991127003076839,0.21748430279722825,0.031151791686136535,0.10812524875754037,0.2445548955973715,0.1257513312378774
Nebraska,2017,1314909.0,0.2601338388600935,0.057033373434924026,0.24454746236337832,1.1576885060656095,0.10185855398438627,0.033808764358282686,0.009266145849135666,0.02032043190524722,0.11733551723070151,1.3871473242077093,0.9316802703945977,0.25692141530729135,0.3429762334854263,0.13139483413412623,0.19544456982559627,0.029211220183415716,0.09509011899849178,0.26732799736152574,0.30675728908091615
Nebraska,2018,1154503.0,0.30501891434235023,1.5796759221561762,0.17400387320693028,0.33412889002860163,0.09993608891558103,0.022838605195823737,0.007706423785877015,0.02125828198085109,0.11413613172917407,1.0060208552609753,1.1787309394812582,0.20469169747273586,0.3085036718617053,0.18633153331006352,0.24797097494050693,0.00891880600658114,0.12553992504674777,0.26285958460547265,0.1701319164232028
Nebraska,2019,1232345.0,0.6330666523740515,2.792441246645489,0.33228461985792684,0.3473226803987766,0.08668990986509506,0.014623107828216577,0.058371420823218924,0.030638290716212525,0.1346621876108419,1.2764996058196907,1.2035736616348305,0.23813327068053555,0.5790867554726454,0.21619342002357042,0.23993304467672832,0.11963696369636963,0.09972294943493507,0.18507777008547063,0.05104708168519487
Nebraska,2020,1320735.0,0.7079753915557068,1.3462166598446228,0.15728863297836865,0.39137261841583737,0.06484972162813307,0.043874040812939774,0.015322728361489582,0.022660354438418042,0.14459031833257363,0.83285576792355,1.2591450275454201,0.25390334605945714,0.44898653289983226,0.17907251593641607,0.13547369755539546,0.017108182522922292,0.07509559911577955,0.19191051874107123,0.2527782487399621
Nevada,2016,1939344.0,1.5676165261617783,0.5901426048884254,0.24074085576045165,0.5315811850542975,0.40657354967099535,0.04997804454643977,0.04980859758225633,1.4057821073094299,0.0926526452330214,0.0,0.262738012407427,0.3152484974612581,0.36054691755222995,3.4043239942899004,0.2899680646626473,0.15026158342724683,1.369668211585502,0.41671399244293017,0.3579537417314604
Nevada,2017,2169289.0,0.6417501804678507,0.5186472396738404,0.29173976398977725,0.34782609902007783,0.16304185775049268,0.1226925190142973,0.03747458985004424,1.8246988105693114,0.18179576759154287,6.439933310912824e-05,0.6053443698855137,0.5988963237293231,0.5442444905401754,5.463363171638669,0.13780370834531008,0.1314504908253707,1.7646376368893855,0.5129277805524711,0.35565337551819226
Nevada,2018,2675462.0,1.0837802352132269,0.0014804835259195654,0.6850721791923523,0.4102012303975831,0.19234014290891557,0.12355368696847019,0.04415138627325373,1.6303519104956543,0.08326083515341624,0.0003531468442773126,0.3340862240038616,0.7408855755820583,0.44266296017384704,3.7564554517947024,0.2502747028214931,0.08026925405923026,1.7775911590236546,0.41499046864172057,0.5044499158124036
Nevada,2019,2596315.0,1.8375630541394645,0.048835165039602994,0.5307221779137659,0.28021231337063474,0.19136846398072374,0.09673370153253857,0.02521711522816115,2.005181824270513,0.10993701633653327,0.0073826943452609895,0.2140890146583983,0.6973605752959706,0.5618706562618765,4.313501400374373,0.1901109769259819,0.13613861386138612,0.8313423700503191,0.4728080527057099,0.4343934028428539
Nevada,2020,3649990.0,1.238956935222487,0.0,0.21003817773565,0.46244740087819586,0.4395612699171731,0.45194831494380727,0.05600721401096191,1.615258068079694,0.3368786594516864,0.0035279257430274715,0.05566199874345115,0.7275634499166536,0.5540245973572375,4.5888575467541,0.19756911630598936,0.00641556844609586,0.7079002854035784,0.36549339754716853,0.29388040300662255
New Hampshire,2016,1814875.0,0.015676165261617782,0.0103262048099462,0.07782463680800979,0.38557093457743746,0.5406403063051388,0.04068015644113853,0.030228666118886596,0.022511890089404813,0.26128045955712037,0.03745697855388738,0.4872264701489547,0.3783129498773423,0.23996107458212115,0.45510083046456246,0.17062188888545265,0.5992138753745087,0.1434314524334719,0.37337088387922845,0.14157514031642823
New Hampshire,2017,2282252.0,0.02081070710880748,0.0008911464599206879,0.3534246692124122,0.21791848928714827,0.7383399942363833,0.04849940640736351,0.3522775448485559,0.08259751825370469,0.27929158326744447,0.08665288043906033,0.7104000982846947,0.39290543934093447,0.1843032504133227,0.3961191788673658,0.1276365381915312,0.4473928985986302,0.012629730090919371,0.350929244419093,0.43881423864041363
New Hampshire,2018,2627352.0,0.05876063817466539,0.0051816923407184785,0.03967599493392002,0.39032256714939845,0.747305324146475,0.04648659085313275,0.02464450106525254,0.1370851926952335,0.3597522050258322,0.06073130941726742,0.893261095045022,0.32054580145094197,0.16301293898768526,0.4567639949589113,0.12348363803559881,0.03661404571122784,0.07741985156204888,0.2748152953392654,0.06770142186499174
New Hampshire,2019,2671737.0,0.008451883017693295,0.004185871289108828,0.15652934309521113,0.37931752423793297,0.7703827547620151,0.0480842192704298,0.5772652410590858,0.010119336346711702,0.41061783482180386,0.15871205166107843,0.8151156536794234,0.3529727218485398,0.037743540066394674,0.24179991026324715,0.12753065397864674,0.07746607994132747,0.08523166041570931,0.4225786491806833,0.05585586474249583
New Hampshire,2020,2267049.0,0.02895708762821132,0.0,0.033903203574842715,0.30725415792321215,0.6179394940873479,0.05593595681094256,0.009510658982993532,0.019633482923245436,0.3737120202724348,0.07864295683368758,0.753825464325955,0.2554918195293702,0.022694937945425736,0.25583023527646404,0.09436780037298073,0.08447165120692882,0.01665805776450208,0.32430917775109264,0.12501905256109236
New Jersey,2016,9555678.0,0.08578345990385286,7.2515773277847195,9.122252380390428,2.260893761667978,2.8222102148252826,3.3024945793919063,0.5134064134237262,2.24959308679069,1.8710817337939802,0.09758828231140777,3.020804114923519,1.611800614549514,0.5603937027492579,4.714400557296784,1.1269541092823128,0.5075909586505777,0.4888928481236633,1.2022825572973315,0.6265988640423119
New Jersey,2017,9288031.0,0.07986108853004871,1.9030432651606293,6.82936542491035,1.61570161814675,2.392222066819357,3.1247747474665504,0.7553958899313075,2.721985441079446,1.5177997679163897,0.12304565912717438,2.87391986307155,1.7681456440237768,0.5646574421295849,2.3707944970342343,0.8948185626346993,0.4650733739728028,1.0229347087011498,1.162611521833307,0.509344654882418
New Jersey,2018,10483690.0,0.0760718635290274,1.577455196867297,9.253323707366459,1.6755295193534876,2.5843868005853614,3.0888187139085233,1.1427181519995762,1.8765667697535373,1.4467163428942027,0.08227824081739865,3.6348961798079396,1.3675507942258427,0.44850195412128485,4.1948188409560005,1.0715106767272342,3.115010350509076,0.8148332443409012,1.0256449995239856,0.664041491106925
New Jersey,2019,10894800.0,0.04555771090024923,0.8901952941504775,7.625869379438706,2.4319259787467025,2.525785202399949,2.2154499892784356,0.9964481073108138,2.9138141437024005,1.3549188604664326,0.13113411601007124,3.7672254709863298,1.4321638915969315,0.6026809638617773,3.558638655308858,0.9691430137264987,12.771818848551522,1.1179266778910597,1.6008243170962566,0.659666393757953
New Jersey,2020,12006936.0,0.012192457948720554,1.017104724575483,13.468717094692506,1.6616354128915731,2.1089675949067197,1.5539853063668638,1.2410529356234061,2.0777156468357507,1.250467325371621,0.12718684271729777,4.590349497120841,2.2441423869277806,0.5704270456348821,3.720565576822369,1.1045749899701611,5.149562939399609,1.9027129124800424,1.460490428575439,0.9854241485431856
New Mexico,2016,8248553.0,2.4400386678743122,1.0852841255253458,0.28067799978882385,0.770000779049889,0.06335741722785504,0.1574118805168291,0.1416625216753276,0.22264678619143066,0.09363986119096276,0.00039548241634243596,0.1290467118132839,0.5778949436845805,14.905501020142548,0.27109214170954565,0.22718035414910107,0.3710728127319205,0.9734541481111589,0.19308916715509117,0.2533008225983174
New Mexico,2017,5280766.0,1.4254033700338824,1.1518067994474892,0.32973717846058104,0.7418669273142715,0.06352833839574912,0.0934067061885911,0.1375161645044293,0.23357761160767376,0.07531073922127043,0.00014310962913139608,0.05591338102840135,0.6526613750469452,9.06628859247996,0.3313657906777964,0.18411185106512315,0.42740627426260885,0.737811209032313,0.22975136570105087,0.2007115568588954
New Mexico,2018,8267952.0,1.637739446552811,0.9060559178627741,0.3377386653721401,0.8694684897039475,0.08279721235816567,0.028809252368229635,0.10548167556919165,0.22783649641848464,0.07994577158744909,0.00044267703015043406,0.1686002202443103,0.6248414319627115,11.499934278666396,0.3977240143935634,0.17762602275719902,0.15490557800904084,0.8697257726123354,0.15102387378311896,0.28040010053863845
New Mexico,2019,5552648.0,2.4500153576898738,0.21859550065346103,0.5690876365581344,4.820207102781781,0.08557927582091693,0.06627094161140504,0.11517193938632289,0.1346928629599532,0.0867907193453861,0.0013177712487240044,0.1937538841049597,0.6586619209024072,5.501239055608241,0.4390217201092433,0.14502892534318843,0.132013201320132,1.0831285167593665,0.1789482988781777,0.1440168874596802
New Mexico,2020,7090707.0,1.5498646129148612,0.2989295592959651,0.31720463791782794,3.097198859186772,0.07674712153936111,0.03636707565483221,0.14415693291815196,0.183403704664234,0.046889239017373546,0.0013218085897358863,0.31746031746031744,0.6722618882928052,7.822977063837346,0.4718761878527341,0.2179292924138585,0.11654949343740811,1.1007752042123393,0.19360556058476824,0.2985043953616219
New York,2016,10514490.0,0.37601024176130426,0.40014043638541524,3.8988093389564167,3.332202984386589,2.5601520627026284,1.7432402609172453,2.607840766379128,1.1521806899302882,1.1269312917923107,3.9846291564378036,1.0300969352999676,2.0511663196077143,1.034390676604507,4.951419607210249,1.1521352278896737,4.7524806904703,2.4673478911490125,3.5921865115302447,1.5217229730539712
New York,2017,10923761.0,0.26247504340983435,2.203805195383861,4.502815401375092,1.5911982738824628,2.8599935129980154,1.1277186041527139,5.265220874576566,1.5775889254251712,1.236237928518148,2.5956222764448706,1.0882516981682608,1.991558493557764,1.0515463811920354,5.209967173435354,1.4765528379943025,2.7543105767678555,2.1855307350356052,2.9425679032036784,1.5447911912012053
New York,2018,12958004.0,0.29026779977983047,0.24502002353968805,7.0422038485196445,2.8352104960326345,2.764017449107079,1.2011675254506167,5.161136504847822,1.733695699723486,1.2967398534756973,1.312015134978444,0.8751813382307272,2.2013788195510715,0.7777250861639073,4.357263452874807,0.8930243406534845,2.6920711814601495,1.8056077351414124,2.9799609003978595,1.4678100684581643
New York,2019,13226179.0,0.5656577317207415,0.5543953974019692,2.9622627325365873,2.945913425735213,2.607846031023368,1.1335980648344364,3.3433760839225592,2.6501449961341565,1.2646151458410122,1.5566371335077713,1.1726908699064775,2.4729245905542765,1.0235354626466995,4.168653675018598,1.2090328100805265,3.863678034470114,2.4398754511843768,3.220424172311694,0.6473361807905146
New York,2020,17645416.0,0.49013680953856625,0.382447914728586,1.6179558641931644,2.0958226646580402,4.202309659283201,0.7994954158916722,3.839840502726389,1.6782818571277522,1.9458933094238877,1.3146410361154877,1.1740943242415274,2.3095882394003864,1.017946339357371,5.052690390495708,0.7334029128602606,4.865674035659868,2.3699445649392215,2.445203799648173,1.062661946769285
North Carolina,2016,4134282.0,0.7304657562878841,1.317107423508638,1.4602212381135755,1.5860128890107905,0.5243312922726474,1.56685340810069,0.3509960345486173,3.9500888177615248,0.4349495488139854,0.00032956868028536333,0.7791070003970668,1.0184802715236958,0.414841131876435,1.4246330495930235,1.7456854497487555,0.963873083935754,2.6290045366837176,1.9756503404254029,1.7805381533614804
North Carolina,2017,5176472.0,0.453413281133143,1.2618633872476943,1.6432054959850007,2.7429664390196735,0.526429172429036,12.047269259061775,0.46798136602670126,0.7906305136582371,0.49388086680716103,0.00017888703641424512,3.9734798854927464,1.0449753058413895,0.47315303413800747,2.2659723275999313,1.4165270847495497,0.867112009655077,2.473885095890491,2.0834079571896735,2.5636055548955485
North Carolina,2018,5889181.0,0.3641452826301359,0.9119778519664522,2.6174227925884206,3.5748062830111316,0.7711343228519233,5.694589784281339,1.3526379249169553,0.17820085566407706,0.6010360929806016,0.09553865612505098,3.757994236969383,0.901530241355511,0.4852860487087378,3.466651554839901,1.647203671052512,0.5975600024409363,1.1093280940672583,1.9209118664857072,1.1257895120903119
North Carolina,2019,5308467.0,0.8773466859342114,0.5902078517643448,4.846749866714594,1.737976729083581,0.8668541896538299,3.9042346185488594,2.003892530442432,0.2116360222447888,0.7400815314891082,0.023569053237720298,1.4336267040174235,0.7798144619635915,0.7640830928554387,2.198197966575133,1.7514100250649978,0.48267326732673266,1.6043382343127028,2.3379416203353918,1.4157550529212741
North Carolina,2020,7115972.0,0.536366545927465,0.5379078238506924,10.655862778425638,1.355940499238646,1.1242346299046053,8.202828189285189,1.1567779296352134,0.1335838704400155,0.6944621833940112,0.012254654988642918,1.277837489810012,0.7776826368139872,0.583426104068174,2.257347227273337,1.7101300579247292,0.5570851934026572,1.56155857624655,1.8797484346023723,1.51153172315644
North Dakota,2016,454699.0,0.06814777398453285,0.2984273190074452,0.6518512077414707,0.2701540301046865,0.03921916303913358,0.16819621729149334,0.017724990587892595,0.027912991325756312,0.017357198604788723,1.450821252194403,0.08551507578876046,0.007869180925833056,0.021961513087721176,0.010424826853421105,0.1340938588776595,0.05222506253264067,0.0863040534300549,0.15224014104373307,0.1283886327509692
North Dakota,2017,431452.0,0.08740496985699142,0.14926703203671524,0.4076805927596658,0.33092867605396203,0.03165417458240178,0.1383259398788756,0.00877413810493377,0.02207114914877705,0.008772202917162276,1.4205348006840641,0.046559581954985885,0.006196177192557674,0.030917426677390294,0.014172087839905756,0.1894733746559166,0.07456548309977169,0.08231353158093381,0.1521650830639553,0.04852092464875478
North Dakota,2018,445345.0,0.11118195438857849,0.019246285836954348,0.7797759265771078,0.302003715113592,0.025707011565574728,0.1297823974764221,0.016857802031605973,0.04565166581189139,0.008950671628111348,0.7625136713837303,0.04264746463850434,0.02918711950983123,0.031249849802198637,0.0092567464748729,0.18224303755602192,0.010796449376387695,0.08362199436674339,0.24047030223593932,0.07053920601502134
North Dakota,2019,785037.0,0.6118338730857,0.06232297252673144,1.8637922527696145,1.0014648805102908,0.018090121311335288,0.12137179497419759,0.013724725009425412,0.010598150876677289,0.013491480749614775,1.444840913653674,0.007886989887548629,0.03447895302270936,0.08301612630574401,0.018598398174081005,0.17068383036900678,0.02521085441877521,0.11783706070896725,0.16701196021134415,0.08446195882695286
North Dakota,2020,2828882.0,0.22078509268808139,0.015711373794255426,0.9202875557558646,5.546545563516415,0.023264551303990518,0.06429878852813872,0.016907838191988503,0.0064810055061263775,0.004562888431042389,0.9319029812973858,0.006126973742282869,0.03030720049166316,0.07890570276918327,0.005059522908611611,0.12026168070844113,0.0,0.13568256727537986,0.330718554722572,0.1950639737905263
Ohio,2016,5968113.0,0.5869852992405769,0.24989415640069806,2.567405576293609,1.331102457949787,1.210056770094956,0.48311098538654107,0.7515945621377713,0.15190049606893083,1.172901569309236,0.0012703374585544915,2.234502555434533,1.633913528587278,1.2256033304429987,0.8483290308572543,1.6138917892054225,0.8392659171912078,0.36859022819085946,3.735596252540004,0.8778617718350583
Ohio,2017,6654686.0,0.3276385700442878,0.18491289043354275,2.3687490751831213,1.1964880690216722,1.427063566753067,0.5731617841862339,1.3495772423457946,0.17927785005756447,1.7072993825988374,0.07490357988737273,1.2171107510751633,1.6643620005983462,1.2018101967070054,0.8451739029393797,1.044582592836395,2.6874322568742457,0.34357271567099845,3.69788523312718,0.3710350088475655
Ohio,2018,11690249.0,0.5645653846200736,0.0810564730440962,2.629714571411086,1.428427460536762,1.5648130540721692,0.5879386592835528,1.3244613129498424,0.7702872336569536,1.4902792918451622,0.0024919235068018818,1.8533048324854302,1.6074906880130437,7.10889067195205,1.0493763887941892,1.4269156668312415,1.212957616895035,0.32293915983064586,3.8468883048794797,0.42782974376160454
Ohio,2019,9311520.0,1.2310889117479111,0.11906478333465112,2.833600192172928,1.1705174396328484,1.4615883566964978,0.2560026936010386,1.5036841791953013,0.6633333000498843,1.8198499706289912,0.00261966573541519,2.079979778898216,1.6599307885167804,4.503980923219315,1.0750371760623478,1.5826377705593444,0.6270627062706271,0.49670799861951404,3.5204779180960704,0.2684287363011334
Ohio,2020,12510287.0,0.5876764731283307,0.054989808279893984,1.1460394388741912,1.7255552016757907,1.6096099455018438,1.9396184691941714,1.4501993715920138,0.7318851777911229,1.3666625935417402,0.0005119681157427729,2.2924228027270224,1.5457992872339021,7.396496391669364,0.8592540187531,1.1084474489736906,0.8056884706888716,0.44150570034706527,2.4831303609008937,0.46188545857159735
Oklahoma,2016,3795560.0,3.721782902529088,3.630693611177084,2.2983422669142812,0.9910993076312581,0.8383970532782996,0.21685465944778431,0.09425847707980092,4.227954510335724,0.17443782299460633,0.019630309029360915,0.44970547842907255,0.6093501825473799,0.4632165649657215,0.9477496950096796,1.059720082371313,1.6070659593377494,2.457377157703495,0.2522056620390203,0.27367997065402677
Oklahoma,2017,4405753.0,1.4345080543939857,1.3803858664171456,1.897983031475134,1.1449668830279016,0.9365472569841169,0.14786113321536265,0.07166912807207586,4.50463400540322,0.33250905786290275,0.05705065365323106,0.45735889200759755,0.6487318128287861,0.5323128782117398,0.6910990663904042,0.7285216737349718,1.7403737498750835,1.9625278845348952,0.49566010179482484,0.29625275900231973
Oklahoma,2018,4573845.0,2.2941030895660854,1.7469705605850872,1.5681612847346478,1.091133119489531,0.7277931919205723,0.07786474642520697,0.03797019219499821,5.53247569723207,0.24399621269056057,0.08087062733950458,0.5651437859702817,0.5351029317943986,0.5069040835621507,0.7888779965330097,0.7745974331118346,0.3506498993113743,1.8622111993589694,0.8111617629802488,0.15661865856591903
Oklahoma,2019,4450321.0,3.4036351342715614,4.256566004213777,1.1450447640221861,1.4784349761538593,0.5601788528446638,0.06694679953623858,0.05489890003770165,4.835717274968411,0.25349616053299007,0.4935847164573038,0.7238926381125957,0.6716388944188454,0.7288332496106595,1.1554436288149523,0.744390130317576,0.506050605060506,1.0205871641500763,0.6670800296021199,0.21023013109482427
Oklahoma,2020,5342096.0,1.9281356207739162,3.061237146649136,1.853964603236518,0.9754249263556937,0.8864157107243386,0.12320126587015952,0.4046433150634748,4.46784767505896,0.28027053547484,0.23124668936981518,1.1108514935796585,0.6350187619058629,0.6046519120641207,0.6871437522892179,0.6600132944976156,0.8917640140073244,0.2535651937943361,0.8780051900062452,0.4120490965232715
Oregon,2016,1273451.0,22.784653034208876,0.2478289154387088,0.37887492779637644,0.551093446749855,0.26070807186806916,0.18956770887447774,0.1954558070641645,1.019518878914132,0.0546529227863604,0.008203264060193862,0.37347958020203054,0.11437383241529327,0.2699364938431567,0.4127951572831175,0.36736038373911656,0.3793188752370743,0.5935855493015991,0.30953585462600053,0.47986899804120425
Oregon,2017,1836035.0,35.560425839094215,0.376954952546451,0.4683912053035622,0.4639057068306133,0.2992576723848762,0.11185652959060485,0.1485043374582716,2.141782331453276,0.05614710658777415,0.005774473535451833,0.240057574727431,0.10635566849577988,0.3822399684940247,0.2975672259280212,0.30874486015478847,0.29134348551354095,2.9070407808110343,0.47366155214467276,0.41717990883568545
Oregon,2018,2013941.0,33.648023777333755,0.13361363821424077,0.2966623412052582,0.3768917030606374,0.3106471334735887,0.16635701021426413,0.10419727160487881,2.0820565518212546,0.058940323355820765,0.0007958238744277467,0.20372166171131384,0.09822258239749154,0.29972515456703364,0.4438045498940893,0.4758201773105745,0.479737880985575,3.1876875346197195,0.3192894322587216,0.5983670579205258
Oregon,2019,1958493.0,22.805654103595348,0.3790539000692994,0.5944053829157921,0.46885055029817985,0.39207799936255994,0.10164903189496431,0.0865649824389663,1.2390377019144816,0.05554479728162057,0.0034770108851874333,0.2635014814237632,0.1366838436667748,0.4484721910843145,0.3590714153609084,0.3592378676777779,0.2745691235790246,2.23289789552162,0.32353929862073993,0.839564200952879
Oregon,2020,2634205.0,24.357482867056486,0.2828047282965977,0.2411624301978007,0.4235723965418361,0.40895683340239813,0.09685073019923703,0.12275795020641653,2.7961961079168236,0.0947220590987736,0.0018291224498809976,0.11838559434241476,0.13644151067884705,0.395649741722417,0.4876385476834088,0.41729572863803066,0.6634767034670802,3.7370471846203137,0.3280700518417954,0.5069265692888129
Pennsylvania,2016,13593258.0,1.7141451264543996,4.085562933055215,4.01843443910983,2.3670947523692307,4.16638888097072,25.421290646976786,1.5756692214469639,0.9021341109083281,4.803582461056555,4.164052338142979,4.33221741775435,1.167943145497245,0.8155066015298078,0.7488617231842319,1.246201233456594,1.8452855428199701,0.9490994057606321,1.6761919270595476,0.777044927630049
Pennsylvania,2017,13233235.0,0.5071309188577523,8.067994474891949,3.761987605779261,2.358706138797,3.47129958794955,19.427783381411075,1.8876697119212655,0.6591175151882979,4.3978199865504015,5.942412685237526,4.745656940344401,1.3232618381888388,0.7232559253783695,0.8513508820143385,0.9929129265257883,1.2407081414745516,0.578471009629435,1.9610473607485048,4.219694743358073
Pennsylvania,2018,16311647.0,0.6461231998459057,6.7354598011710625,2.7208396996449387,1.9159376798062313,4.088493512516873,19.512368213212866,1.2584750592832705,1.1681847781118646,4.495911810870801,5.423519808628233,4.656013162755008,1.0664787111269236,0.898745332026476,1.0900383409923502,0.9825064846116236,0.6642163420690691,0.7319954289494639,1.3190303918594892,4.71328920804201
Pennsylvania,2019,14443272.0,0.8773466859342114,14.007320623787841,3.4366464441527667,2.0187511850307,3.3140840561094564,20.865589676823173,1.0734223180564468,1.011857725050566,4.35552996375773,6.2672644902642505,9.888289815520455,1.082868517673084,1.2636257152893589,0.7089369346356498,0.8808039897788644,0.7114044737807114,1.3530287747424459,1.96556011430496,0.9788956074849324
Pennsylvania,2020,14924120.0,2.8828050781587353,13.770192216254657,2.872576501997813,1.9453048479395465,3.033042833909683,11.259381530515705,0.6977125103912756,1.6890612260950506,4.222660058813408,4.716054803487322,7.806699170781604,1.019885169077132,1.1421549424991613,0.9715581298100603,1.729611418299733,0.30527413189339464,0.567247168633952,1.4134265323840391,4.35477324455268
Rhode Island,2016,402281.0,0.12519159757541976,0.00619572288596772,0.001117991590218816,0.0612321839725365,0.11399656605082177,0.02451123520092463,0.0061144347376838794,0.00727239818845938,0.062469731109076436,0.0003894902585190658,0.05864931715437885,0.08679660726867391,0.033315257285924854,0.2257313179289997,0.16340212760641912,0.06596850004123031,0.019124193657796256,0.23073633065871074,0.12551157655486905
Rhode Island,2017,312221.0,0.002081070710880748,0.0,0.0008525060938962389,0.058499349993734566,0.06938561488497103,0.007255816706613438,0.009594151011936928,0.004976881723745188,0.07232268151970611,0.00032199666554564123,0.036158715821113484,0.0798128847469844,0.02679199896109996,0.30148319756799513,0.0668486954731706,0.09378339111517676,0.019825739096210642,0.08387158253713903,0.11329886013343253
Rhode Island,2018,451722.0,0.07826624420774933,0.0014804835259195654,0.001504057324292393,0.18569107855929587,0.09460962218460492,0.05570649002309549,0.01541284757175403,0.005348421262698204,0.06691154438489637,0.0,0.0810561346171979,0.06746050936170608,0.0236711734946384,0.26934874498837486,0.1399060633448695,0.028634061389549974,0.03272164996959524,0.04771214190985837,0.1512133554230055
Rhode Island,2019,471050.0,0.003710582788255593,0.0,0.018448255451740312,0.032328451816789644,0.12148790537446308,0.07761306642270244,0.02670533842195427,0.0036436617890064065,0.07678855076155816,0.0,0.0668018541077914,0.07202884774388389,0.029392053499387963,0.25656251840142513,0.09250816225594323,0.028877887788778877,0.030221964599306324,0.06484335329820394,0.1507985045917713
Rhode Island,2020,707921.0,0.0,0.0,0.0007578957580069161,0.08207714218019624,0.10697374574036081,1.2741024353320283,0.019285502937736888,0.0009574797650035793,0.0855221437245153,0.0,0.19045542107367427,0.0736102759525613,0.023855872036777182,0.0902497804296789,0.35068149608683197,0.0,0.038555343374291104,0.06777518871907276,0.11440099604220505
South Carolina,2016,5761208.0,1.1297725214240926,3.653927571999463,2.778146991049856,0.8351149439775937,0.38426492156986125,0.4049207518093342,0.041839221969095314,0.2608863326040699,0.6918522720330216,1.0653996688374059,0.3793080837701675,0.27019693534791817,8.256829835551022,2.5415821155681844,0.15873569653582426,0.17591600010994748,2.7818346312994398,0.7873548671513501,3.031578089299029
South Carolina,2017,5844831.0,0.6076726475771785,3.1533217484293545,2.781240238044059,4.08052995479211,0.3913466816257995,0.438630827387462,0.7261214291512949,0.4174910085804964,0.5011506943436485,0.8959378331771054,0.28773402821357097,0.3349712183528265,6.821608915878105,0.7837770618697879,0.1629078321818012,0.11300129913058184,2.7620191707554196,0.7540332363955359,1.9917339352595806
South Carolina,2018,11181266.0,0.716831021715835,0.6884248395525979,2.8945323885778773,0.753488087075805,0.3605558791214308,0.27123629581049424,0.019506885208001194,0.4564645800150901,0.4752520333582792,1.0713629692507085,1.2257037047930388,3.1039447769507995,7.44318134720584,0.6069942170169705,0.11360915296896516,0.3168523186548563,3.2678876570942177,0.5338833698277714,4.564508239033316
South Carolina,2019,7158920.0,1.3487968435309081,0.05348613313861281,2.1619454398245557,0.5873917094057013,0.3090594000120849,0.3692641934772337,0.005870213708850628,0.44711934376249773,0.4805619655658571,1.6302973709590367,0.4945047635518441,1.389118028896496,8.076669188337652,0.4843669785336749,0.1437314756621794,0.1301796846351302,3.1260189187591645,0.7222775308425313,0.05018396677747418
South Carolina,2020,9605473.0,0.6020026112180774,0.007442229692015728,2.2896030849388938,0.7650099865443678,0.3152970788625509,0.391696759805257,0.024745325687233175,0.6053331211091446,0.6258907994982574,1.258743426387572,0.6943211261170045,1.7759170669237292,8.42576656534775,0.32486893889696344,0.10880872728658214,0.15397364270630062,3.071195061154551,0.5411421086002715,3.308038382561726
South Dakota,2016,378912.0,0.8149428690866021,0.07021819270763417,0.5432818022024434,0.25183214147545985,0.06270354172501558,0.05475591526939228,0.22465395047445266,0.005970626395688682,0.043469869885745936,0.10176481631429682,0.04134594718647205,0.07602195974144799,0.04134834568146262,0.05333686580262654,0.24924685013151304,0.11269618757043512,0.2899685431532526,0.049645722328407964,0.12023697352868544
South Dakota,2017,413178.0,0.4115317330766679,0.3720536470168872,0.2041143161957281,0.1580873227049514,0.07809870559752534,0.028164025374354792,0.3261191331151552,0.005241140930315728,0.03439604968756017,0.16904824941146165,0.033506145934622526,0.08792949778878799,0.02932033671498896,0.043168925459712924,0.24537487898467447,0.11991974601612766,0.18841795007732037,0.05981172485525224,0.13243211134801883
South Dakota,2018,560012.0,0.4645991537005182,0.08068635216261631,0.17514488221156588,0.1843559903745679,0.1346565195933238,0.04893819254082005,0.21674316897779106,0.008483523112887414,0.012439022607754069,0.007774204473316051,0.028287466403227022,0.06954678829710473,0.03442098251269202,0.07353469089917326,0.21236356267215228,0.07181985889510076,0.39672327250718414,0.0538283735583959,0.08918750185807296
South Dakota,2019,551403.0,0.6468782660858917,0.07627587682376086,0.5119282876994636,0.13106327902388093,0.12659371289326643,0.019563014842454447,0.13137703638540352,0.02321666550174595,0.018370202284583723,0.008192409208934775,0.0369643260994749,0.08462569494871874,0.029818859301549087,0.050072610468679626,0.15940466780876836,0.06875687568756876,0.38630725727567583,0.07381173748571672,0.14192075125521567
South Dakota,2020,610569.0,0.20889744618807884,0.10832578773934004,0.37445103083928366,0.15410684642938596,0.1383477392239753,0.06395063941935691,0.03751426598847449,0.01735818154619392,0.045534526204021236,0.006055186532557704,0.04268112217081795,0.06706627646487727,0.02155858389183906,0.04449785532445596,0.16577866589194806,0.06148253094175199,0.21165137103204057,0.04862651289105807,0.27076044123162607
Tennessee,2016,7176013.0,0.3725266494809447,2.5965241994609722,3.387887182226418,0.8055565401617276,0.5169671168905834,0.30828642045717397,0.3687897266504164,3.5221563749610953,0.18782997389946662,0.9947701045733406,0.8261903807834238,1.0995354132406403,7.043471156960601,0.31465718994710856,1.2079453032646417,0.18874320845129783,1.0084334424937949,0.5217350859767518,23.4961986895009
Tennessee,2017,6653275.0,0.5196173431230369,1.4935614668270731,4.015242808958865,1.1557982976262555,0.4763222000104462,0.32790801915726553,0.1570324716911044,4.589444694511953,0.25353419201876437,0.9430423676057044,1.33857053008817,1.0178138341933023,5.59826128587347,0.48364580689178377,1.2454245492868368,0.13068177450475452,0.9556006244373529,0.5725367537980445,30.397233807079303
Tennessee,2018,8779358.0,0.2591807401646029,0.09067961596257337,2.0357675204525862,1.1547959074686678,0.4348440380696274,0.37299536107694053,0.09633029732346268,6.333655662077266,0.18175589423952704,0.6585243604920997,1.9275269920388516,1.2588493072410727,5.910949578188848,0.5775984026016425,1.184335988674453,0.0999845094421991,0.7426174896149752,0.3467709617926481,33.338017929390524
Tennessee,2019,8160520.0,0.053391163453233255,0.7190396681069164,1.0499952043176695,0.7315839071084085,0.37287465310336654,0.29335920435547425,0.1770158809950591,4.920426572361225,0.1735024949766141,1.0827713554952292,1.3066746740202553,1.2935626548969823,7.688002560834812,1.3116743202772718,1.3402482211532392,0.10221855518885221,1.0591034849643344,0.43706355745475967,42.087579036665126
Tennessee,2020,10077987.0,0.17953394329491015,0.3535059103707471,0.3330193960682389,0.8790262639473939,0.37116248923306616,0.35854281030022345,0.51463232496865,8.738228017937612,0.40559832037178717,0.6058165256140208,1.7701761764568436,1.275961150656953,7.435374448324687,2.266536531701371,1.0802573081749367,0.1160148627335668,0.6255503708097092,0.4282629158215735,29.47555363745502
Texas,2016,37440224.0,1.1541576673866092,4.563666215755723,5.815792252318279,4.014453555263354,14.415161664145904,1.3069069050849436,2.674549936382398,14.03976524798784,2.3531263389622175,2.2005420625810177,5.013970194489879,2.245526064842767,5.965315174674488,5.6931681935034435,9.987362116041593,3.6850737106365044,9.240418084295197,3.2539013010684443,1.2922777414149842
Texas,2017,48601343.0,1.106999551269128,8.054181704763177,5.967847123735779,3.982516577734961,17.943653242920423,1.4720476821723152,3.9090015276840457,14.305066553681176,3.1358079737237885,3.092262777901011,12.80653760750761,2.5532763236394884,7.077511152739957,4.604833008284378,9.199594460810937,5.278774973671466,9.5654051132784,3.574510878637617,1.2744245956068554
Texas,2018,57933708.0,1.323821099457866,6.357936502061573,5.931483446552545,6.213118957956905,18.46582231851422,0.6525248740797549,2.8279364284257866,10.245804483799752,2.0689914454031255,2.8581218626198095,5.237766103310672,2.4101462734523986,7.942919471897217,4.461751800888738,11.796453692918808,9.275088836001935,9.3557541983873,2.3808469514044637,1.1952476574767505
Texas,2019,65859555.0,2.3195265296362186,4.5523675753108,6.195027871123166,5.534692944327869,21.526183817249297,0.4253972662161357,2.9511465932917513,13.940965321624098,2.8592781718340987,4.1075644277018695,6.286976204096294,2.8482577188867872,9.738679755377932,3.322001511093934,9.216355962066723,12.935001833516685,12.27698192211695,3.954186396574207,1.1734663681111102
Texas,2020,67670625.0,1.2415986344447099,3.1695629343884764,3.591011154204503,5.928867184126635,19.953657426855393,0.4324447117455935,3.104085356403139,14.360142526525536,3.419194042930108,2.4677142434137513,7.166793879257079,3.0685920683350103,8.346004342801072,3.398766946699007,9.473593911836751,5.945628057419337,9.854517389870423,4.079594927375402,1.2834147669764742
Utah,2016,1877248.0,3.7392008639308854,0.5225059633832778,0.07676875586169202,1.2712918978621999,0.3449054036527758,0.1212517414580393,0.3164391730536174,0.07973978082543973,0.22237444049333283,0.03809214728316463,6.645951193568246,0.2796474005369692,0.16002022914528513,5.822627284920313,0.4235666655257389,0.23821958348222058,0.4032426132801996,0.36791086553761126,0.1492472901726953
Utah,2017,2348427.0,2.7882445518219123,0.5199839593637214,0.08592043560625666,0.9570836324284715,0.39450946932771574,0.07304745733746851,0.4040203592804551,0.0771031289170922,0.24321788107146408,0.12845520310834113,9.814089753192333,0.388847848066159,0.454397703617446,6.222175914303622,0.2781626578668345,0.5580880487673634,0.341002712454823,0.41172093538779286,0.15956881405105952
Utah,2018,2695352.0,3.469559673134807,0.6850937516192789,0.05274573444156427,1.609734897014866,0.4054318283351843,0.03296172604019759,0.4556423063399785,0.08310103027154357,0.16635591712853415,0.06223342698024979,8.690307606733281,0.3746007957518016,0.25435758214870663,4.982297036802566,0.2640301568494562,0.42481681241873326,0.3096794062481955,0.44875428136215395,0.18742888648052602
Utah,2019,2570624.0,3.900234797433101,0.45719016413266417,0.11151041527152634,0.9023938184910969,0.41746496907145436,0.03755312396893266,0.4666406503204641,0.08527569994655379,0.2014722529028196,0.11984573820473672,5.022302126826599,0.3773073906563971,0.4405283280362257,5.065627257414271,0.3465574594620497,0.2951961862852952,0.551622357008159,0.4957129187961202,0.10875247837280645
Utah,2020,3130874.0,2.4004917624705984,0.8579237006073687,0.029456881794535473,0.8094092364832897,0.6079905730828461,0.021802837937460233,0.1755949445563806,0.10806137218793083,0.12439768356240673,0.0747752704320308,0.5570353754848357,0.3608587846712491,0.31635075834899745,6.57932575154456,0.20286468981886868,0.37424149268892515,0.1899555941855318,0.3910249653178548,0.12758793720275863
Vermont,2016,492541.0,0.06118058942381384,0.03820695779680094,0.011738911697297565,0.113070277313328,0.16250644226104982,0.03961840739159353,0.1009225239287373,0.0006946955240266705,0.02151645272267283,0.014524990563849469,0.01202128860928262,0.09105561882363651,0.004616521481755053,0.5712665185112974,0.04754476939851355,0.007329833337914479,0.07151140790842617,0.039399761983644886,0.09770003332590094
Vermont,2017,649104.0,0.049295362463987726,0.04010159069643096,0.0006089329242115992,0.037131323948118945,0.23697897396537196,0.024595786566332725,0.08011526101420836,0.0016461146409289945,0.0353976332746767,0.0,0.005933380009256073,0.09164734715354786,0.0035806477582700507,0.6396786292607461,0.02124884767588711,0.03382351810711293,0.058816359318758234,0.02737146730664086,0.06515309727319907
Vermont,2018,641641.0,0.03840166187763402,0.01406459349623587,0.012706691187987456,0.03625964155158658,0.16987479962052413,0.03142507617853713,0.041020651610241196,0.0030309456425417283,0.03399447002191784,0.0,0.009688673508138918,0.11977664094612755,0.002772346663978837,0.3229024099600786,0.03267278795523121,0.0384916890810344,0.04754976150265801,0.21071940168309838,0.0625663838792239
Vermont,2019,468803.0,0.014223900688313106,0.013487807487128446,0.1565725474405314,0.01401153506059608,0.08366675708776572,0.027980518088108527,0.03877648210494288,0.0013488555661225641,0.0353036289714905,7.938381016409666e-06,0.0017104315418780159,0.12374637934177879,0.005236763325392668,0.9201956626130313,0.028734185602079795,0.055005500550055,0.056344419805015894,0.027453578933717186,0.04401886029375499
Vermont,2020,760577.0,0.0425719990042826,0.011163344538023591,0.0,0.03492153587590409,0.21475351840175855,0.01384618018050951,0.017260084820988265,0.0006434675840077818,0.022915540126357634,0.0,0.07383522594513763,0.0849431262330472,0.003738056512380795,0.6753165769430189,0.04015904410248874,0.05399770108797348,0.029890466553239625,0.3657582478352462,0.07004492122943394
Virginia,2016,82211802.0,0.8822197450010452,3.6374056443035494,5.905355800823587,8.998985339645849,5.218314716428397,23.67624541267531,40.54667168645728,12.071279766216806,54.80764056599842,1.7770582927299727,19.59989144412104,35.74873358681721,15.217133271025213,14.10621336005696,6.570334947397545,7.837424296565057,7.300129701262115,18.968373349313435,9.411570081492616
Virginia,2017,84950096.0,0.4372849831238172,3.340462505012699,6.152536479649157,7.172349101452134,6.005378296718157,24.210011022158405,26.23836299183349,9.800416032077544,53.0869932936467,2.316329524232038,17.14725881333796,36.54192602564078,15.895575646398882,16.409715991825877,4.009549967337741,6.351902957251686,6.348054801280008,20.19115421760519,9.473335375880849
Virginia,2018,93920308.0,0.4096177266947628,6.9253318133702475,6.185980318631951,7.335260577220762,4.8061203253135325,33.445794206923864,26.53161158981917,11.073242228592878,53.386974075524826,1.6208594589462069,10.863511677014227,34.33337458183336,13.253920693749798,17.208449738801708,6.03341552511852,4.361765548060629,6.69810036207682,13.873467621057106,8.700646203990734
Virginia,2019,96379017.0,0.9307378493874446,5.985795943425623,6.295737200064634,9.138436645769849,5.324728084334917,36.73334517108729,26.13518358059886,12.91210384155817,51.1288674821605,3.1073284196342517,14.66657037570579,35.55373293137081,16.083210346923583,15.680398656768531,4.077417265526191,4.961496149614962,6.842271852768504,12.326818243112895,9.208942856861025
Virginia,2020,108544419.0,0.3845704444658941,11.551994310828857,6.845516591853934,7.344582558016803,5.486727695184173,24.588175869843294,24.903484423654064,12.367544771702335,52.849072254248185,1.706841192563635,13.449953528461869,35.94808651436772,14.771969287961307,19.11232616538759,3.56038870189958,2.9864471116576223,4.635843438438065,10.919353616980928,12.341949372421482
Washington,2016,12829051.0,3.565892147983,1.567001579909336,1.0806630932342876,3.203153654606431,4.395327180643333,1.6431931647629758,0.4144075318843726,0.7208185791373671,0.6202872070163542,0.9507097680980993,1.3070419251547287,1.5526549970466221,2.6682812129976266,0.42909706773175593,0.667959987114487,6.628001795809167,1.2738020613265488,1.554217813613174,1.0244717604946618
Washington,2017,13063203.0,5.487003063075953,1.449449717060999,1.0138733188123128,3.0897277784234545,4.228152055261781,1.8831469813654398,0.3894241295357989,1.1087930929690315,0.6200219730745953,1.048650118423218,0.9582059692595072,1.2819692488224832,2.7581976462618942,0.43026738394213876,0.4764762704166012,3.0502663602050935,2.976284010321133,1.6878057747713469,1.0001813281977852
Washington,2018,12198054.0,5.712826276977168,2.067865364828153,1.35391091209148,3.5372884592762417,2.8745430456512606,1.341096504074644,1.5507572364122102,0.8513572178793714,0.433904149608216,1.3360738854822376,1.5219868009124655,1.4235441928663382,1.9303874201217617,0.5121915866560162,0.7130754719415981,2.1456769608464414,3.5503346661999613,1.204980660530878,1.4907826068155468
Washington,2019,13166937.0,4.125137343099038,1.770623555293034,1.3417109439198958,3.017302906114257,3.5445777565624987,1.790654851031697,1.34948772050507,0.7320607027047007,0.4768279278861802,0.7735237846199742,1.636882985577261,1.194177882448135,2.7617332631581473,0.401430977757394,0.47598238997496956,1.8546021268793547,2.1761721260055715,0.9419706830618192,1.8875090010554663
Washington,2020,11347256.0,3.9381639174367393,1.0092490376783552,0.8688516969791286,3.270800872143446,2.169088515991504,1.048001348497548,2.314788722471926,0.6384691278152093,0.5954805297776323,0.7828876798270552,1.3309033132389365,1.3849129644074323,2.295546743801094,0.4931737522330009,0.36935774785495257,2.072763238792804,4.491227315990594,0.8256707730820999,1.471628381722557
West Virginia,2016,563098.0,0.17701003274576743,0.3361179665637488,1.1314695999453426,0.10451778802147296,0.06751682289668386,0.020522092343348407,0.08835014688383673,0.016203303709054505,0.06294715521988414,0.00023369415511143943,0.1911567029612441,0.1989224092028796,0.06683086222618256,0.541298056527749,0.38950391985712796,0.6138735420503376,0.07927550362419815,0.2803146453532716,0.21613884673202377
West Virginia,2017,663448.0,0.07608914786657736,0.33373434924029766,2.045953732058553,0.1307503999178158,0.09049294944123544,0.017363837677833144,0.06092695899033451,0.007140503977541491,0.09171167046030361,0.0,0.09221170579090908,0.20310701200695114,0.08431983128025013,0.47352954682185106,0.3638573777343994,0.06841575253484207,0.08906896860630928,0.4078348628689488,0.20246231187199482
West Virginia,2018,558239.0,0.06741625085184638,0.1713659681251897,1.3758494034078828,0.12745170180060944,0.03177286712096332,0.058709408836722037,0.09079130522736359,0.0036767141299561172,0.05707183298227564,0.0,0.13304624870997908,0.17584130445205096,0.06749062016907274,0.5102047727784825,0.2562299827793951,0.16711025991278347,0.06130853806939414,0.3353410809290916,0.3495879807679314
West Virginia,2019,777703.0,0.1418267199066582,0.23719937304950023,0.9769366563811521,0.12058220949036416,0.15180493296919795,0.006008991368065468,0.2123198423144847,0.0025342134878666355,0.061726090100197736,0.0,0.08533152914480324,0.14297717896423373,0.08671111361546475,0.3770270595289733,0.28936587752317205,0.023835716905023834,0.09028454408688673,0.4712918150912743,0.24413821675527977
West Virginia,2020,544657.0,0.07244352097864795,0.22368034796558384,0.9007843715831533,0.08013500656543326,0.05005931202574054,0.007216840900789399,0.03478435461372635,0.015216721426616021,0.10664487982922262,0.0,0.08702379654293295,0.13882395462936362,0.08139584967196806,0.14445586560869303,0.11164361674743832,0.00641556844609586,0.033853472231084876,0.39833483326879815,0.34046284450883785
Wisconsin,2016,3798184.0,0.6621002577858287,1.2102312037256946,2.88590895821817,0.5845906964762873,1.3901538000955105,0.2944230114388292,0.9768668262373831,0.0653827399955552,0.11055200342126974,2.214383947153003,0.8717255649094943,0.16152303112599084,0.14772016198406243,0.18058038999114007,2.619419639049356,0.023821958348222056,7.059524461396507,0.9761636495571487,0.4025481127710127
Wisconsin,2017,3782641.0,0.5892031450181118,0.2949694782337477,0.9511532276185182,0.5389279063749586,1.2829625289258024,0.24005058068014687,1.7045608297874608,0.04797405679282695,0.12725954127304778,2.762988987714038,0.7699433117893468,0.16195031940460167,0.15854959273973146,0.5476999144313578,1.8685985604936763,0.1560494130850892,3.733920958449657,0.9122470758149095,0.3790384603360199
Wisconsin,2018,6309055.0,0.4709384756612705,0.3312581889245027,0.43622848809045917,0.5670310247423218,1.9269849886735146,0.21314858500940584,0.8686584561143247,0.06359778038955255,0.08946904510422748,2.202129216828233,0.9153201284787311,0.22176260211208515,0.14245020694731964,0.9559961365501054,5.202247711925042,0.03285875897161473,6.9074761484835765,0.7628684406874977,0.4217487777258268
Wisconsin,2019,4918939.0,0.8423022929340197,0.26464008483365814,1.3072770806996683,0.6793860793639194,1.3903795281369355,0.3940743234815776,0.8276174538816168,0.06215830087175192,0.0971086627858463,2.3411635142164893,1.0730107206048085,0.2083816522763017,0.19691572863303453,0.750633009025925,3.896388436367272,0.02246057939127246,8.45928996497303,0.8161874818132138,0.4133087386685343
Wisconsin,2020,6795001.0,0.5040565323633556,0.47010084221232684,0.294669870713089,0.45892756839823357,2.0121513455154503,0.35348739511645444,1.2797120031561298,0.04344178353153336,0.07826330939625437,1.7641955842936188,0.5202735330311385,0.20104706441342993,0.29676803133901875,0.6212618450134078,2.931213334957158,0.016573551819080972,6.290499063320098,0.8238962761519796,0.22743192027552145
Wyoming,2016,149557.0,0.734602522120811,0.24679629495771419,0.1674502959572182,0.12254018788560363,0.0073079220381230365,0.1331281629693784,0.0217096783944731,0.09149953658801734,0.042312723312093355,0.0,0.3025357633336126,0.028816184284013894,0.03317458765628689,0.009282060598795525,0.055865104043253414,0.033900479187854465,0.20023194214359327,0.035254192502046665,0.05885977467854891
Wyoming,2017,133557.0,0.3820065423660473,0.3604687430379183,0.1155145757229404,0.09442024688619374,0.005615541196366777,0.0016707472679701998,0.006888108418826512,0.07912361076732946,0.03845246321538212,0.0,0.16697229390753562,0.0333462049026231,0.03426293436830971,0.008228202314945282,0.029622866127059503,0.03766709971019395,0.13356673857780427,0.03075066080128788,0.02713670270304069
Wyoming,2018,156715.0,0.9179825839320132,0.2942461007765136,0.1052840127004675,0.1213761276880801,0.007478600829765424,0.0008211106131010076,0.005217891105020895,0.056926575289731315,0.026784206765939258,0.0,0.034775417413141475,0.02763235769574821,0.030043043119951568,0.012778825621409905,0.05210630987242987,0.03473640234142128,0.24095681241227,0.03163281798316016,0.03662092879323905
Wyoming,2019,171689.0,0.7487131492746841,0.06743903743564222,0.16841053805827574,0.19780063555734623,0.008191573801733711,0.00011059493315457915,0.006779683438390867,0.06718585343639057,0.0305827948648377,0.0,0.017389387342426493,0.012058684127462494,0.051631513134469,0.016255456152151068,0.05468317922226022,0.4047488082141547,0.31070467706353094,0.028292348677873058,0.03551101334622252
Wyoming,2020,158891.0,0.632890171354836,0.2522088951183108,0.10762119763698208,0.12938036924380528,0.008829416404464784,0.0002683649380193043,0.0038747129189973654,0.09393082404311995,0.009159476185800009,0.0,0.03748877154176467,0.013534773779678155,0.03618748790614873,0.016302907149970746,0.018268027685757266,0.4357240236306771,0.05481038361223265,0.028683286198810398,0.16937512737386348
